0000000001.000000 -0.004545 -0.011657 0.624512 -3.32168e-24 -1.11022e-16 1.38778e-17 1
0000000002.000000 -0.004545 -0.011657 0.624512 -1.66084e-12 1.60433e-11 8.54557e-13 1
0000000003.000000 -0.010094 -0.01934 1.25871 0.002736 -0.0060158 0.0018838 0.999976
0000000004.000000 -0.0284246 -0.0293392 1.91647 0.00429952 -0.0124314 0.00260234 0.99991
0000000005.000000 -0.0522302 -0.0422086 2.58715 0.00564779 -0.0188955 0.00434637 0.999796
0000000006.000000 -0.125111 -0.0568919 3.35433 0.00564779 -0.0188955 0.00434637 0.999796
0000000007.000000 -0.194154 -0.0715555 4.12073 0.00564779 -0.0188955 0.00434637 0.999796
0000000008.000000 -0.259783 -0.086259 4.88851 0.00564779 -0.0188955 0.00434637 0.999796
0000000009.000000 -0.321601 -0.100986 5.65655 0.00564779 -0.0188955 0.00434637 0.999796
0000000010.000000 -0.379845 -0.115743 6.42471 0.00564779 -0.0188955 0.00434637 0.999796
0000000011.000000 -0.434389 -0.130551 7.19326 0.00564779 -0.0188955 0.00434637 0.999796
0000000012.000000 -0.485196 -0.145406 7.96197 0.00564779 -0.0188955 0.00434637 0.999796
0000000013.000000 -0.532462 -0.160325 8.73095 0.00564779 -0.0188955 0.00434637 0.999796
0000000014.000000 -0.575961 -0.175292 9.49926 0.00564779 -0.0188955 0.00434637 0.999796
0000000015.000000 -0.615823 -0.190354 10.2686 0.00564779 -0.0188955 0.00434637 0.999796
0000000016.000000 -0.652055 -0.205495 11.0382 0.00564779 -0.0188955 0.00434637 0.999796
0000000017.000000 -0.684564 -0.220713 11.8069 0.00564779 -0.0188955 0.00434637 0.999796
0000000018.000000 -0.713389 -0.236047 12.5767 0.00564779 -0.0188955 0.00434637 0.999796
0000000019.000000 -0.738536 -0.251469 13.3457 0.00564779 -0.0188955 0.00434637 0.999796
0000000020.000000 -0.760007 -0.267031 14.1157 0.00564779 -0.0188955 0.00434637 0.999796
0000000021.000000 -0.775073 -0.282154 14.875 0.00564779 -0.0188955 0.00434637 0.999796
0000000022.000000 -0.806194 -0.302748 15.7219 0.00564779 -0.0188955 0.00434637 0.999796
0000000023.000000 -0.835733 -0.322467 16.5804 0.00564779 -0.0188955 0.00434637 0.999796
0000000024.000000 -0.860762 -0.344794 17.4471 0.00564779 -0.0188955 0.00434637 0.999796
0000000025.000000 -0.887522 -0.368009 18.3228 0.00564779 -0.0188955 0.00434637 0.999796
0000000026.000000 -0.914456 -0.391975 19.2008 0.00564779 -0.0188955 0.00434637 0.999796
0000000027.000000 -0.982249 -0.448664 20.9589 0.006772 -0.0177364 -6.64351e-05 0.99982
0000000028.000000 -1.01012 -0.474735 21.833 0.006772 -0.0177364 -6.64351e-05 0.99982
0000000029.000000 -1.03752 -0.500299 22.7105 0.006772 -0.0177364 -6.64351e-05 0.99982
0000000030.000000 -1.06448 -0.530231 23.5881 0.006772 -0.0177364 -6.64351e-05 0.99982
0000000031.000000 -1.08943 -0.556801 24.4676 0.006772 -0.0177364 -6.64351e-05 0.99982
0000000032.000000 -1.11561 -0.587718 25.3405 0.006772 -0.0177364 -6.64351e-05 0.99982
0000000033.000000 -1.14818 -0.614191 26.2146 0.006772 -0.0177364 -6.64351e-05 0.99982
0000000034.000000 -1.17708 -0.640479 27.087 0.006772 -0.0177364 -6.64351e-05 0.99982
0000000035.000000 -1.19965 -0.672264 27.9531 0.006772 -0.0177364 -6.64351e-05 0.99982
0000000036.000000 -1.22336 -0.705207 28.8134 0.006772 -0.0177364 -6.64351e-05 0.99982
0000000037.000000 -1.24902 -0.734582 29.669 0.006772 -0.0177364 -6.64351e-05 0.99982
0000000038.000000 -1.26904 -0.755751 30.5232 0.006772 -0.0177364 -6.64351e-05 0.99982
0000000039.000000 -1.28804 -0.777219 31.3812 0.006772 -0.0177364 -6.64351e-05 0.99982
0000000040.000000 -1.31438 -0.808811 32.2311 0.006772 -0.0177364 -6.64351e-05 0.99982
0000000041.000000 -1.34637 -0.842452 33.0606 0.006772 -0.0177364 -6.64351e-05 0.99982
0000000042.000000 -1.37177 -0.87092 33.8722 0.006772 -0.0177364 -6.64351e-05 0.99982
0000000043.000000 -1.38756 -0.898418 34.6657 0.006772 -0.0177364 -6.64351e-05 0.99982
0000000044.000000 -1.40984 -0.930442 35.4441 0.006772 -0.0177364 -6.64351e-05 0.99982
0000000045.000000 -1.43315 -0.958787 36.2039 0.006772 -0.0177364 -6.64351e-05 0.99982
0000000046.000000 -1.45036 -0.985904 36.9407 0.006772 -0.0177364 -6.64351e-05 0.99982
0000000047.000000 -1.47174 -1.01288 37.6565 0.006772 -0.0177364 -6.64351e-05 0.99982
0000000048.000000 -1.50118 -1.03798 38.3493 0.006772 -0.0177364 -6.64351e-05 0.99982
0000000049.000000 -1.52888 -1.06511 39.0175 0.006772 -0.0177364 -6.64351e-05 0.99982
0000000050.000000 -1.55945 -1.09294 39.6667 0.00505895 -0.0216694 -0.00171204 0.999751
0000000051.000000 -1.5951 -1.11412 40.2943 0.00436871 -0.0261023 -0.00284063 0.999646
0000000052.000000 -1.68085 -1.15791 41.4825 0.00876851 -0.0375387 -0.00342093 0.999251
0000000053.000000 -1.72957 -1.18057 42.0619 0.0119105 -0.045925 -0.00102123 0.998873
0000000054.000000 -1.79345 -1.20068 42.6386 0.0136781 -0.0565909 0.00021659 0.998304
0000000055.000000 -1.89199 -1.21601 43.2147 0.0133243 -0.0699546 -0.000429905 0.997461
0000000056.000000 -2.00285 -1.23683 43.785 0.0108254 -0.0851815 -0.00274739 0.996303
0000000057.000000 -2.14881 -1.25683 44.3475 0.00834824 -0.101288 -0.00557018 0.994807
0000000058.000000 -2.29508 -1.27843 44.898 0.00633713 -0.118446 -0.00780084 0.99291
0000000059.000000 -2.46333 -1.29269 45.4361 0.00476809 -0.136292 -0.0109539 0.990597
0000000060.000000 -2.66463 -1.30391 45.9658 0.00358439 -0.154218 -0.0130694 0.987944
0000000061.000000 -2.8658 -1.3145 46.4817 0.00299316 -0.171811 -0.0151506 0.985009
0000000062.000000 -3.08616 -1.3245 46.9925 0.00224109 -0.189019 -0.0167718 0.981828
0000000063.000000 -3.34093 -1.33328 47.5016 0.00171815 -0.206336 -0.0190643 0.978294
0000000064.000000 -3.60284 -1.33964 48.0033 0.00276909 -0.223266 -0.0219643 0.974506
0000000065.000000 -3.88656 -1.34388 48.4983 0.00359471 -0.238874 -0.0257779 0.970702
0000000066.000000 -4.19606 -1.34675 48.9995 0.00303772 -0.252247 -0.0293002 0.967214
0000000067.000000 -4.50588 -1.34692 49.5056 0.000842313 -0.263138 -0.0305074 0.964275
0000000068.000000 -4.83364 -1.34521 50.0179 -0.00261339 -0.271926 -0.0322751 0.961773
0000000069.000000 -5.17626 -1.3413 50.5355 -0.00569465 -0.278383 -0.0348387 0.959821
0000000070.000000 -5.53413 -1.33229 51.053 -0.0058082 -0.283806 -0.0381427 0.958105
0000000071.000000 -5.90163 -1.3193 51.5816 -0.00597007 -0.288334 -0.0408189 0.956641
0000000072.000000 -6.27525 -1.29896 52.1242 -0.00597007 -0.288334 -0.0408189 0.956641
0000000073.000000 -6.64705 -1.28022 52.6803 -0.00597007 -0.288334 -0.0408189 0.956641
0000000074.000000 -7.02642 -1.26493 53.2549 -0.00597007 -0.288334 -0.0408189 0.956641
0000000075.000000 -7.41496 -1.25053 53.8391 -0.00597007 -0.288334 -0.0408189 0.956641
0000000076.000000 -7.81091 -1.23452 54.4369 -0.00597007 -0.288334 -0.0408189 0.956641
0000000077.000000 -8.2076 -1.21593 55.0487 -0.00597007 -0.288334 -0.0408189 0.956641
0000000078.000000 -8.6164 -1.19591 55.6785 -0.00597007 -0.288334 -0.0408189 0.956641
0000000079.000000 -9.04125 -1.17298 56.325 -0.00597007 -0.288334 -0.0408189 0.956641
0000000080.000000 -9.47654 -1.15369 56.9835 -0.00597007 -0.288334 -0.0408189 0.956641
0000000081.000000 -10.3721 -1.12025 58.331 -0.00597007 -0.288334 -0.0408189 0.956641
0000000082.000000 -10.8289 -1.10683 59.0152 -0.00156021 -0.286704 -0.040222 0.957173
0000000083.000000 -11.2881 -1.09178 59.7214 -0.00156021 -0.286704 -0.040222 0.957173
0000000084.000000 -11.7519 -1.07285 60.4548 -0.00156021 -0.286704 -0.040222 0.957173
0000000085.000000 -12.2251 -1.05843 61.2004 -0.00156021 -0.286704 -0.040222 0.957173
0000000086.000000 -12.7122 -1.04345 61.9547 -0.00156021 -0.286704 -0.040222 0.957173
0000000087.000000 -13.2047 -1.02741 62.7208 -0.00156021 -0.286704 -0.040222 0.957173
0000000088.000000 -13.7073 -1.01284 63.5022 -0.00156021 -0.286704 -0.040222 0.957173
0000000089.000000 -14.2213 -0.997316 64.2882 -0.00156021 -0.286704 -0.040222 0.957173
0000000090.000000 -14.7348 -0.984663 65.0885 -0.00156021 -0.286704 -0.040222 0.957173
0000000091.000000 -15.2461 -0.97239 65.8974 -0.000191268 -0.28624 -0.0346955 0.957529
0000000092.000000 -15.774 -0.966143 66.7104 -0.000191268 -0.28624 -0.0346955 0.957529
0000000093.000000 -16.3093 -0.955339 67.5335 -0.000191268 -0.28624 -0.0346955 0.957529
0000000094.000000 -16.8488 -0.943158 68.3694 -0.000191268 -0.28624 -0.0346955 0.957529
0000000095.000000 -17.4126 -0.926972 69.2093 -0.00273582 -0.285549 -0.0389228 0.95757
0000000096.000000 -17.9805 -0.905188 70.0607 -0.00829038 -0.285319 -0.0428444 0.957439
0000000097.000000 -18.5477 -0.875305 70.9177 -0.0132205 -0.285867 -0.0454921 0.957098
0000000098.000000 -19.1085 -0.844129 71.7667 -0.0132205 -0.285867 -0.0454921 0.957098
0000000099.000000 -19.6597 -0.814257 72.6134 -0.00928457 -0.287463 -0.0419204 0.956829
0000000100.000000 -20.2166 -0.789268 73.4562 -0.00442029 -0.289099 -0.0395616 0.956471
0000000101.000000 -20.7806 -0.772379 74.3015 -0.00442029 -0.289099 -0.0395616 0.956471
0000000102.000000 -21.3516 -0.755436 75.1546 -0.00442029 -0.289099 -0.0395616 0.956471
0000000103.000000 -21.9254 -0.737813 76.0059 -0.00442029 -0.289099 -0.0395616 0.956471
0000000104.000000 -22.4952 -0.717897 76.858 -0.00442029 -0.289099 -0.0395616 0.956471
0000000105.000000 -23.066 -0.702725 77.7114 -0.00861219 -0.289518 -0.0410668 0.956253
0000000106.000000 -23.6335 -0.685439 78.5493 -0.00861219 -0.289518 -0.0410668 0.956253
0000000107.000000 -24.1937 -0.670704 79.3804 -0.00861219 -0.289518 -0.0410668 0.956253
0000000108.000000 -24.7482 -0.649704 80.2114 -0.00861219 -0.289518 -0.0410668 0.956253
0000000109.000000 -25.3036 -0.626253 81.0426 -0.00861219 -0.289518 -0.0410668 0.956253
0000000110.000000 -25.8578 -0.601354 81.879 -0.00861219 -0.289518 -0.0410668 0.956253
0000000111.000000 -26.4129 -0.578601 82.7134 -0.00861219 -0.289518 -0.0410668 0.956253
0000000112.000000 -26.9637 -0.560766 83.5407 -0.00861219 -0.289518 -0.0410668 0.956253
0000000113.000000 -27.5087 -0.543315 84.3592 -0.00861219 -0.289518 -0.0410668 0.956253
0000000114.000000 -28.0502 -0.524134 85.1718 -0.00861219 -0.289518 -0.0410668 0.956253
0000000115.000000 -29.1175 -0.495323 86.7903 -0.00377333 -0.288954 -0.0368589 0.956626
0000000116.000000 -29.6519 -0.482222 87.603 -0.00377333 -0.288954 -0.0368589 0.956626
0000000117.000000 -30.1866 -0.466189 88.4189 -0.00377333 -0.288954 -0.0368589 0.956626
0000000118.000000 -30.7207 -0.457362 89.2356 -0.00377333 -0.288954 -0.0368589 0.956626
0000000119.000000 -31.2517 -0.450461 90.038 -0.00377333 -0.288954 -0.0368589 0.956626
0000000120.000000 -31.7852 -0.438715 90.8385 -0.00377333 -0.288954 -0.0368589 0.956626
0000000121.000000 -32.3087 -0.431974 91.6408 -0.00377333 -0.288954 -0.0368589 0.956626
0000000122.000000 -32.8321 -0.425369 92.437 -0.00377333 -0.288954 -0.0368589 0.956626
0000000123.000000 -33.3569 -0.415961 93.2268 -0.00377333 -0.288954 -0.0368589 0.956626
0000000124.000000 -33.8789 -0.404326 94.0203 -0.00377333 -0.288954 -0.0368589 0.956626
0000000125.000000 -34.4004 -0.394417 94.8131 -0.00377333 -0.288954 -0.0368589 0.956626
0000000126.000000 -34.9241 -0.389135 95.5951 -0.00377333 -0.288954 -0.0368589 0.956626
0000000127.000000 -35.4419 -0.382632 96.3673 -0.00377333 -0.288954 -0.0368589 0.956626
0000000128.000000 -35.9562 -0.370238 97.1358 -0.00377333 -0.288954 -0.0368589 0.956626
0000000129.000000 -36.4706 -0.361307 97.8975 -0.00377333 -0.288954 -0.0368589 0.956626
0000000130.000000 -36.9834 -0.36382 98.6475 -0.00377333 -0.288954 -0.0368589 0.956626
0000000131.000000 -37.4645 -0.369734 99.3774 -0.00377333 -0.288954 -0.0368589 0.956626
0000000132.000000 -37.9405 -0.371382 100.1 -0.00377333 -0.288954 -0.0368589 0.956626
0000000133.000000 -38.4089 -0.37478 100.811 -0.00377333 -0.288954 -0.0368589 0.956626
0000000134.000000 -38.8725 -0.373247 101.519 -0.00377333 -0.288954 -0.0368589 0.956626
0000000135.000000 -39.3195 -0.376803 102.214 -0.00377333 -0.288954 -0.0368589 0.956626
0000000136.000000 -39.7546 -0.374885 102.887 -0.00377333 -0.288954 -0.0368589 0.956626
0000000137.000000 -40.1852 -0.371755 103.541 -0.00377333 -0.288954 -0.0368589 0.956626
0000000138.000000 -40.5997 -0.373842 104.175 -0.00377333 -0.288954 -0.0368589 0.956626
0000000139.000000 -40.9976 -0.377513 104.789 -0.00377333 -0.288954 -0.0368589 0.956626
0000000140.000000 -41.3804 -0.378054 105.39 -0.00377333 -0.288954 -0.0368589 0.956626
0000000141.000000 -41.7525 -0.377171 105.973 -0.00377333 -0.288954 -0.0368589 0.956626
0000000142.000000 -42.1157 -0.382192 106.54 -0.00377333 -0.288954 -0.0368589 0.956626
0000000143.000000 -42.463 -0.387056 107.09 -0.00322326 -0.283761 -0.0373376 0.958162
0000000144.000000 -42.7889 -0.389727 107.631 -0.00172978 -0.277276 -0.0368736 0.960081
0000000145.000000 -43.0972 -0.392228 108.165 -0.000189509 -0.269358 -0.0357162 0.962378
0000000146.000000 -43.3787 -0.39864 108.691 0.000349579 -0.259663 -0.0337459 0.965109
0000000147.000000 -43.6414 -0.405877 109.215 0.000738979 -0.248928 -0.0330282 0.967958
0000000148.000000 -43.902 -0.412293 109.74 0.00084473 -0.236622 -0.033322 0.97103
0000000149.000000 -44.1379 -0.421885 110.274 0.00106345 -0.222755 -0.0343121 0.97427
0000000150.000000 -44.3664 -0.434532 110.811 0.00134725 -0.207626 -0.0349656 0.977582
0000000151.000000 -44.5549 -0.448492 111.355 0.00237003 -0.190855 -0.0343193 0.981015
0000000152.000000 -44.7217 -0.460008 111.9 0.0052098 -0.172389 -0.0346829 0.984404
0000000153.000000 -45.0158 -0.490425 112.996 0.0121818 -0.131621 -0.0384497 0.990479
0000000154.000000 -45.1398 -0.51324 113.548 0.0146347 -0.108744 -0.0405426 0.993135
0000000155.000000 -45.2065 -0.543943 114.107 0.0174197 -0.0835258 -0.043613 0.995398
0000000156.000000 -45.2413 -0.576784 114.664 0.0207849 -0.0563497 -0.0474976 0.997064
0000000157.000000 -45.2687 -0.610197 115.222 0.0207678 -0.0279674 -0.0463784 0.998316
0000000158.000000 -45.2201 -0.646727 115.785 0.0213621 0.00142936 -0.0456022 0.99873
0000000159.000000 -45.114 -0.692855 116.35 0.0209663 0.0323192 -0.0444481 0.998269
0000000160.000000 -45.0267 -0.73873 116.902 0.0202941 0.0633497 -0.0431396 0.996852
0000000161.000000 -44.8536 -0.791849 117.452 0.0215571 0.0934836 -0.0401003 0.994579
0000000162.000000 -44.6976 -0.840523 117.988 0.0246388 0.122458 -0.0377343 0.99145
0000000163.000000 -44.4797 -0.899848 118.526 0.0288392 0.15094 -0.0389716 0.987353
0000000164.000000 -44.2434 -0.958106 119.054 0.0345149 0.178984 -0.042664 0.98232
0000000165.000000 -43.9999 -1.00844 119.575 0.0406088 0.205919 -0.0417337 0.976835
0000000166.000000 -43.6705 -1.07209 120.104 0.0443326 0.232403 -0.0363865 0.970927
0000000167.000000 -43.3131 -1.13932 120.622 0.0456284 0.259108 -0.031744 0.964248
0000000168.000000 -42.9651 -1.20409 121.124 0.0455112 0.285235 -0.0294684 0.956923
0000000169.000000 -42.5612 -1.27528 121.62 0.0460531 0.31028 -0.0286379 0.949097
0000000170.000000 -42.1236 -1.34344 122.101 0.0472776 0.333861 -0.0254984 0.941091
0000000171.000000 -41.6874 -1.4154 122.563 0.0479731 0.356306 -0.0232438 0.932847
0000000172.000000 -41.2032 -1.49141 123.025 0.0484343 0.378218 -0.0239467 0.924138
0000000173.000000 -40.718 -1.56806 123.466 0.0501563 0.39857 -0.0238846 0.915454
0000000174.000000 -40.1832 -1.65181 123.885 0.0563907 0.415711 -0.0202394 0.907521
0000000175.000000 -39.6351 -1.7379 124.294 0.0619702 0.429758 -0.0188008 0.900619
0000000176.000000 -39.0788 -1.82283 124.707 0.0641234 0.442324 -0.0179096 0.894381
0000000177.000000 -38.4977 -1.90625 125.119 0.0624272 0.452717 -0.0162163 0.889319
0000000178.000000 -37.9017 -1.99003 125.527 0.058111 0.461119 -0.0127986 0.885341
0000000179.000000 -37.2991 -2.0718 125.932 0.0530746 0.468551 -0.0108153 0.881774
0000000180.000000 -36.6889 -2.15679 126.337 0.0522807 0.474037 -0.00819385 0.878913
0000000181.000000 -36.0726 -2.23558 126.73 0.0541711 0.477398 -0.00413804 0.877006
0000000182.000000 -35.4424 -2.321 127.114 0.0579209 0.47959 -0.00207466 0.875577
0000000183.000000 -34.8129 -2.41137 127.504 0.0579209 0.47959 -0.00207466 0.875577
0000000184.000000 -34.1702 -2.49822 127.906 0.0579209 0.47959 -0.00207466 0.875577
0000000185.000000 -33.5178 -2.58376 128.315 0.0579209 0.47959 -0.00207466 0.875577
0000000186.000000 -32.8553 -2.68205 128.723 0.0579209 0.47959 -0.00207466 0.875577
0000000187.000000 -32.1851 -2.78579 129.13 0.0579209 0.47959 -0.00207466 0.875577
0000000188.000000 -31.5212 -2.89694 129.54 0.0579209 0.47959 -0.00207466 0.875577
0000000189.000000 -30.8485 -3.00716 129.961 0.0624369 0.479296 -0.00301396 0.875424
0000000190.000000 -30.1624 -3.12075 130.379 0.0674143 0.478451 -0.000654562 0.875523
0000000191.000000 -29.4612 -3.23694 130.802 0.0714614 0.477313 0.00286449 0.875818
0000000192.000000 -28.7517 -3.35669 131.233 0.0714614 0.477313 0.00286449 0.875818
0000000193.000000 -28.0343 -3.47094 131.678 0.0714614 0.477313 0.00286449 0.875818
0000000194.000000 -27.3115 -3.59206 132.132 0.0714614 0.477313 0.00286449 0.875818
0000000195.000000 -26.5836 -3.71772 132.599 0.0664927 0.476583 0.00336849 0.876605
0000000196.000000 -25.8557 -3.83477 133.076 0.0664927 0.476583 0.00336849 0.876605
0000000197.000000 -25.1219 -3.95006 133.56 0.0664927 0.476583 0.00336849 0.876605
0000000198.000000 -24.3802 -4.07018 134.051 0.0664927 0.476583 0.00336849 0.876605
0000000199.000000 -23.6319 -4.19336 134.536 0.0664927 0.476583 0.00336849 0.876605
0000000200.000000 -22.8829 -4.31214 135.018 0.0704159 0.4763 0.000365496 0.876459
0000000201.000000 -22.1178 -4.43624 135.512 0.0704159 0.4763 0.000365496 0.876459
0000000202.000000 -21.34 -4.56099 136.013 0.0704159 0.4763 0.000365496 0.876459
0000000203.000000 -20.5499 -4.69022 136.524 0.0704159 0.4763 0.000365496 0.876459
0000000204.000000 -19.7526 -4.82012 137.041 0.0704159 0.4763 0.000365496 0.876459
0000000205.000000 -18.9478 -4.95205 137.564 0.0704159 0.4763 0.000365496 0.876459
0000000206.000000 -18.1298 -5.08501 138.091 0.0704159 0.4763 0.000365496 0.876459
0000000207.000000 -17.3088 -5.22448 138.622 0.0704159 0.4763 0.000365496 0.876459
0000000208.000000 -16.4881 -5.37741 139.165 0.0704159 0.4763 0.000365496 0.876459
0000000209.000000 -15.6634 -5.526 139.709 0.0757097 0.475997 -0.00216846 0.876179
0000000210.000000 -14.8256 -5.67801 140.261 0.0757097 0.475997 -0.00216846 0.876179
0000000211.000000 -13.09 -5.997 141.428 0.0659895 0.474561 0.0024946 0.877742
0000000212.000000 -12.2177 -6.14236 142.002 0.0659895 0.474561 0.0024946 0.877742
0000000213.000000 -11.3458 -6.28468 142.578 0.0659895 0.474561 0.0024946 0.877742
0000000214.000000 -10.4713 -6.42413 143.149 0.0659895 0.474561 0.0024946 0.877742
0000000215.000000 -9.5879 -6.56562 143.733 0.0659895 0.474561 0.0024946 0.877742
0000000216.000000 -8.69916 -6.71351 144.319 0.0659895 0.474561 0.0024946 0.877742
0000000217.000000 -7.81082 -6.85561 144.905 0.0659895 0.474561 0.0024946 0.877742
0000000218.000000 -6.92696 -6.99727 145.493 0.0659895 0.474561 0.0024946 0.877742
0000000219.000000 -6.03668 -7.13849 146.082 0.0659895 0.474561 0.0024946 0.877742
0000000220.000000 -5.14541 -7.28062 146.67 0.0659895 0.474561 0.0024946 0.877742
0000000221.000000 -4.25719 -7.42584 147.252 0.0659895 0.474561 0.0024946 0.877742
0000000222.000000 -3.37067 -7.57132 147.83 0.0659895 0.474561 0.0024946 0.877742
0000000223.000000 -2.49124 -7.71222 148.404 0.0659895 0.474561 0.0024946 0.877742
0000000224.000000 -1.60623 -7.85314 148.985 0.0659895 0.474561 0.0024946 0.877742
0000000225.000000 -0.723754 -7.99526 149.561 0.0659895 0.474561 0.0024946 0.877742
0000000226.000000 0.151785 -8.13929 150.138 0.0659895 0.474561 0.0024946 0.877742
0000000227.000000 1.02787 -8.27706 150.714 0.0659895 0.474561 0.0024946 0.877742
0000000228.000000 1.90842 -8.41186 151.294 0.0659895 0.474561 0.0024946 0.877742
0000000229.000000 2.79152 -8.55554 151.874 0.0615679 0.474375 0.00390412 0.878159
0000000230.000000 3.66611 -8.68992 152.449 0.0615679 0.474375 0.00390412 0.878159
0000000231.000000 4.53099 -8.82086 153.018 0.0615679 0.474375 0.00390412 0.878159
0000000232.000000 5.39496 -8.95 153.589 0.0615679 0.474375 0.00390412 0.878159
0000000233.000000 6.26047 -9.0779 154.161 0.0615679 0.474375 0.00390412 0.878159
0000000234.000000 7.13601 -9.20555 154.741 0.0615679 0.474375 0.00390412 0.878159
0000000235.000000 8.01281 -9.32863 155.324 0.0615679 0.474375 0.00390412 0.878159
0000000236.000000 8.88268 -9.44745 155.909 0.0615679 0.474375 0.00390412 0.878159
0000000237.000000 9.75028 -9.56077 156.493 0.0615679 0.474375 0.00390412 0.878159
0000000238.000000 10.617 -9.67227 157.074 0.0615679 0.474375 0.00390412 0.878159
0000000239.000000 11.4833 -9.76888 157.659 0.0615679 0.474375 0.00390412 0.878159
0000000240.000000 12.3479 -9.87873 158.239 0.0615679 0.474375 0.00390412 0.878159
0000000241.000000 13.2125 -9.98707 158.82 0.0615679 0.474375 0.00390412 0.878159
0000000242.000000 14.0718 -10.0999 159.4 0.0615679 0.474375 0.00390412 0.878159
0000000243.000000 14.9267 -10.2184 159.978 0.0615679 0.474375 0.00390412 0.878159
0000000244.000000 15.7836 -10.3326 160.546 0.0615679 0.474375 0.00390412 0.878159
0000000245.000000 16.6383 -10.451 161.107 0.0615679 0.474375 0.00390412 0.878159
0000000246.000000 17.4867 -10.5692 161.674 0.0615679 0.474375 0.00390412 0.878159
0000000247.000000 18.325 -10.6895 162.242 0.0615679 0.474375 0.00390412 0.878159
0000000248.000000 19.1754 -10.7999 162.808 0.0615679 0.474375 0.00390412 0.878159
0000000249.000000 20.023 -10.9173 163.38 0.0572097 0.472991 0.0052732 0.879192
0000000250.000000 20.8599 -11.0314 163.959 0.0523424 0.472111 0.00390918 0.879975
0000000251.000000 21.6983 -11.141 164.532 0.0523424 0.472111 0.00390918 0.879975
0000000252.000000 22.5285 -11.2503 165.094 0.0523424 0.472111 0.00390918 0.879975
0000000253.000000 23.3578 -11.3533 165.655 0.0568311 0.470524 0.0036797 0.880548
0000000254.000000 24.1839 -11.4561 166.219 0.0568311 0.470524 0.0036797 0.880548
0000000255.000000 25.0147 -11.5554 166.788 0.0568311 0.470524 0.0036797 0.880548
0000000256.000000 25.8496 -11.6643 167.36 0.0568311 0.470524 0.0036797 0.880548
0000000257.000000 26.6646 -11.7743 167.928 0.0568311 0.470524 0.0036797 0.880548
0000000258.000000 27.4866 -11.8801 168.493 0.0568311 0.470524 0.0036797 0.880548
0000000259.000000 28.3072 -11.9831 169.067 0.0568311 0.470524 0.0036797 0.880548
0000000260.000000 29.1314 -12.0926 169.641 0.0568311 0.470524 0.0036797 0.880548
0000000261.000000 29.9494 -12.2037 170.207 0.053072 0.468033 0.00348709 0.882109
0000000262.000000 30.7601 -12.3111 170.77 0.053072 0.468033 0.00348709 0.882109
0000000263.000000 31.5719 -12.4156 171.339 0.053072 0.468033 0.00348709 0.882109
0000000264.000000 32.3785 -12.5218 171.912 0.050669 0.467158 -0.000479348 0.882721
0000000265.000000 33.1807 -12.6303 172.492 0.0480545 0.466846 -0.00594437 0.883012
0000000266.000000 33.9843 -12.739 173.07 0.0480545 0.466846 -0.00594437 0.883012
0000000267.000000 34.79 -12.8434 173.643 0.0480545 0.466846 -0.00594437 0.883012
0000000268.000000 35.6019 -12.9483 174.21 0.0480545 0.466846 -0.00594437 0.883012
0000000269.000000 36.4149 -13.0511 174.777 0.0480545 0.466846 -0.00594437 0.883012
0000000270.000000 37.2345 -13.1548 175.346 0.0480545 0.466846 -0.00594437 0.883012
0000000271.000000 38.0601 -13.2597 175.911 0.0480545 0.466846 -0.00594437 0.883012
0000000272.000000 38.8863 -13.3629 176.477 0.0480545 0.466846 -0.00594437 0.883012
0000000273.000000 39.7131 -13.4667 177.048 0.0480545 0.466846 -0.00594437 0.883012
0000000274.000000 40.5341 -13.5758 177.624 0.0450679 0.469788 -0.00840728 0.881588
0000000275.000000 41.3535 -13.6831 178.191 0.0457071 0.472639 -0.0117249 0.879992
0000000276.000000 42.1778 -13.7913 178.751 0.0488427 0.475262 -0.0148295 0.878363
0000000277.000000 43.0092 -13.9035 179.306 0.0488427 0.475262 -0.0148295 0.878363
0000000278.000000 43.854 -14.0152 179.859 0.0488427 0.475262 -0.0148295 0.878363
0000000279.000000 44.7066 -14.1291 180.397 0.0488427 0.475262 -0.0148295 0.878363
0000000280.000000 45.5586 -14.2479 180.93 0.0488427 0.475262 -0.0148295 0.878363
0000000281.000000 46.4007 -14.356 181.454 0.0488427 0.475262 -0.0148295 0.878363
0000000282.000000 47.2446 -14.4627 181.995 0.0488427 0.475262 -0.0148295 0.878363
0000000283.000000 48.0973 -14.5722 182.537 0.0488427 0.475262 -0.0148295 0.878363
0000000284.000000 48.9426 -14.686 183.086 0.0488427 0.475262 -0.0148295 0.878363
0000000285.000000 49.7859 -14.7942 183.635 0.0488427 0.475262 -0.0148295 0.878363
0000000286.000000 50.6396 -14.9001 184.185 0.0488427 0.475262 -0.0148295 0.878363
0000000287.000000 51.4976 -15.0184 184.74 0.045243 0.475595 -0.0117299 0.878422
0000000288.000000 52.3453 -15.134 185.295 0.045243 0.475595 -0.0117299 0.878422
0000000289.000000 53.1759 -15.2572 185.845 0.045243 0.475595 -0.0117299 0.878422
0000000290.000000 54.003 -15.3726 186.388 0.045243 0.475595 -0.0117299 0.878422
0000000291.000000 54.8332 -15.4707 186.931 0.045243 0.475595 -0.0117299 0.878422
0000000292.000000 55.6707 -15.5693 187.471 0.045243 0.475595 -0.0117299 0.878422
0000000293.000000 56.5083 -15.6752 188.012 0.045243 0.475595 -0.0117299 0.878422
0000000294.000000 57.335 -15.7771 188.543 0.045243 0.475595 -0.0117299 0.878422
0000000295.000000 58.1572 -15.8713 189.083 0.045243 0.475595 -0.0117299 0.878422
0000000296.000000 58.9753 -15.966 189.62 0.045243 0.475595 -0.0117299 0.878422
0000000297.000000 59.7869 -16.0653 190.149 0.045243 0.475595 -0.0117299 0.878422
0000000298.000000 60.5872 -16.1635 190.665 0.045243 0.475595 -0.0117299 0.878422
0000000299.000000 61.376 -16.2537 191.168 0.045243 0.475595 -0.0117299 0.878422
0000000300.000000 62.1573 -16.3455 191.664 0.045243 0.475595 -0.0117299 0.878422
0000000301.000000 62.9287 -16.4375 192.156 0.045243 0.475595 -0.0117299 0.878422
0000000302.000000 63.6871 -16.5303 192.643 0.045243 0.475595 -0.0117299 0.878422
0000000303.000000 64.4338 -16.6181 193.131 0.045243 0.475595 -0.0117299 0.878422
0000000304.000000 65.1688 -16.7114 193.615 0.045243 0.475595 -0.0117299 0.878422
0000000305.000000 65.8921 -16.8049 194.091 0.045243 0.475595 -0.0117299 0.878422
0000000306.000000 66.601 -16.901 194.555 0.045243 0.475595 -0.0117299 0.878422
0000000307.000000 67.3019 -16.9903 195.01 0.045243 0.475595 -0.0117299 0.878422
0000000308.000000 67.9921 -17.0759 195.452 0.045243 0.475595 -0.0117299 0.878422
0000000309.000000 68.6745 -17.1625 195.885 0.042404 0.478017 -0.0084515 0.877286
0000000310.000000 69.3406 -17.2431 196.301 0.039905 0.48006 -0.00443282 0.876316
0000000311.000000 69.9885 -17.3184 196.705 0.039905 0.48006 -0.00443282 0.876316
0000000312.000000 70.6065 -17.3944 197.099 0.039905 0.48006 -0.00443282 0.876316
0000000313.000000 71.2064 -17.462 197.483 0.039905 0.48006 -0.00443282 0.876316
0000000314.000000 71.7911 -17.5225 197.851 0.039905 0.48006 -0.00443282 0.876316
0000000315.000000 72.367 -17.5853 198.211 0.039905 0.48006 -0.00443282 0.876316
0000000316.000000 72.9361 -17.6527 198.574 0.039905 0.48006 -0.00443282 0.876316
0000000317.000000 73.4986 -17.7133 198.939 0.039905 0.48006 -0.00443282 0.876316
0000000318.000000 74.0621 -17.7651 199.305 0.039905 0.48006 -0.00443282 0.876316
0000000319.000000 75.2048 -17.8754 200.028 0.0369169 0.476637 0.00245229 0.878322
0000000320.000000 75.7705 -17.9318 200.394 0.0352433 0.473926 0.00547725 0.879842
0000000321.000000 76.3211 -17.9844 200.763 0.0362799 0.470023 0.00602398 0.881888
0000000322.000000 76.8648 -18.0371 201.14 0.0371607 0.465067 0.00517133 0.88448
0000000323.000000 77.3966 -18.0832 201.524 0.0382283 0.459397 0.00406093 0.887399
0000000324.000000 77.9312 -18.1273 201.916 0.0395958 0.452922 0.00465218 0.890658
0000000325.000000 78.4601 -18.1755 202.317 0.0396 0.445962 0.00503689 0.894161
0000000326.000000 78.9889 -18.2323 202.74 0.0379675 0.4393 0.0028121 0.897533
0000000327.000000 79.5133 -18.2869 203.182 0.0357426 0.432972 -0.000647824 0.900698
0000000328.000000 80.0403 -18.3402 203.634 0.0341907 0.426673 -0.00310746 0.903754
0000000329.000000 80.5785 -18.391 204.092 0.0354769 0.42092 -0.00420994 0.906394
0000000330.000000 81.1198 -18.4457 204.566 0.0350714 0.416674 -0.00720651 0.908351
0000000331.000000 81.6613 -18.5056 205.055 0.0345344 0.414035 -0.0119956 0.909527
0000000332.000000 82.2121 -18.5688 205.554 0.0345344 0.414035 -0.0119956 0.909527
0000000333.000000 82.7894 -18.6252 206.053 0.0345344 0.414035 -0.0119956 0.909527
0000000334.000000 83.3793 -18.6799 206.563 0.0345344 0.414035 -0.0119956 0.909527
0000000335.000000 83.9814 -18.7433 207.089 0.0293255 0.416057 -0.0130569 0.908772
0000000336.000000 84.5943 -18.809 207.616 0.0293255 0.416057 -0.0130569 0.908772
0000000337.000000 85.224 -18.878 208.136 0.0321696 0.419172 -0.0110265 0.90727
0000000338.000000 85.8635 -18.9422 208.661 0.0368669 0.423244 -0.0111663 0.905196
0000000339.000000 86.516 -19.0082 209.197 0.0379555 0.427853 -0.0129812 0.902958
0000000340.000000 87.1929 -19.0811 209.739 0.0368179 0.432578 -0.0129474 0.900751
0000000341.000000 87.8908 -19.1613 210.279 0.0340455 0.437707 -0.011579 0.898398
0000000342.000000 88.6009 -19.2382 210.816 0.0327869 0.44328 -0.0110112 0.895716
0000000343.000000 89.3207 -19.3147 211.351 0.0346467 0.448742 -0.0126796 0.8929
0000000344.000000 90.0576 -19.3975 211.884 0.0386138 0.453543 -0.0136859 0.890292
0000000345.000000 90.8138 -19.4822 212.415 0.0427364 0.457351 -0.0132737 0.888159
0000000346.000000 91.5868 -19.5748 212.95 0.0427364 0.457351 -0.0132737 0.888159
0000000347.000000 92.3745 -19.6676 213.501 0.040148 0.460009 -0.0107546 0.886941
0000000348.000000 93.1763 -19.7775 214.035 0.040148 0.460009 -0.0107546 0.886941
0000000349.000000 93.9843 -19.8859 214.579 0.040148 0.460009 -0.0107546 0.886941
0000000350.000000 94.7955 -19.9975 215.131 0.040148 0.460009 -0.0107546 0.886941
0000000351.000000 95.619 -20.1006 215.697 0.040148 0.460009 -0.0107546 0.886941
0000000352.000000 96.4606 -20.1993 216.274 0.040148 0.460009 -0.0107546 0.886941
0000000353.000000 97.3101 -20.3051 216.863 0.040148 0.460009 -0.0107546 0.886941
0000000354.000000 98.1658 -20.4124 217.466 0.040148 0.460009 -0.0107546 0.886941
0000000355.000000 99.0259 -20.5205 218.073 0.040148 0.460009 -0.0107546 0.886941
0000000356.000000 99.901 -20.625 218.684 0.040148 0.460009 -0.0107546 0.886941
0000000357.000000 100.783 -20.7342 219.296 0.040148 0.460009 -0.0107546 0.886941
0000000358.000000 101.66 -20.8473 219.908 0.040148 0.460009 -0.0107546 0.886941
0000000359.000000 102.532 -20.9643 220.514 0.040148 0.460009 -0.0107546 0.886941
0000000360.000000 103.401 -21.0732 221.12 0.040148 0.460009 -0.0107546 0.886941
0000000361.000000 104.274 -21.1821 221.733 0.040148 0.460009 -0.0107546 0.886941
0000000362.000000 105.151 -21.2884 222.353 0.040148 0.460009 -0.0107546 0.886941
0000000363.000000 106.026 -21.4004 222.974 0.0355604 0.459347 -0.0106575 0.887481
0000000364.000000 106.894 -21.5058 223.59 0.0355604 0.459347 -0.0106575 0.887481
0000000365.000000 107.759 -21.6077 224.202 0.0355604 0.459347 -0.0106575 0.887481
0000000366.000000 108.624 -21.7066 224.815 0.0355604 0.459347 -0.0106575 0.887481
0000000367.000000 109.488 -21.8072 225.426 0.0355604 0.459347 -0.0106575 0.887481
0000000368.000000 110.342 -21.9141 226.036 0.0355604 0.459347 -0.0106575 0.887481
0000000369.000000 111.194 -22.0136 226.644 0.0355604 0.459347 -0.0106575 0.887481
0000000370.000000 112.05 -22.1097 227.252 0.0355604 0.459347 -0.0106575 0.887481
0000000371.000000 112.91 -22.205 227.86 0.0355604 0.459347 -0.0106575 0.887481
0000000372.000000 113.767 -22.3006 228.466 0.0355604 0.459347 -0.0106575 0.887481
0000000373.000000 114.625 -22.3983 229.071 0.0355604 0.459347 -0.0106575 0.887481
0000000374.000000 115.476 -22.4979 229.67 0.0355604 0.459347 -0.0106575 0.887481
0000000375.000000 116.321 -22.5992 230.264 0.0355604 0.459347 -0.0106575 0.887481
0000000376.000000 117.159 -22.6978 230.86 0.0355604 0.459347 -0.0106575 0.887481
0000000377.000000 117.992 -22.7933 231.461 0.0355604 0.459347 -0.0106575 0.887481
0000000378.000000 118.828 -22.8889 232.055 0.0355604 0.459347 -0.0106575 0.887481
0000000379.000000 119.658 -22.9814 232.643 0.0355604 0.459347 -0.0106575 0.887481
0000000380.000000 120.492 -23.0713 233.226 0.0355604 0.459347 -0.0106575 0.887481
0000000381.000000 121.32 -23.1662 233.805 0.0355604 0.459347 -0.0106575 0.887481
0000000382.000000 122.137 -23.2626 234.374 0.0355604 0.459347 -0.0106575 0.887481
0000000383.000000 122.937 -23.3624 234.935 0.0355604 0.459347 -0.0106575 0.887481
0000000384.000000 123.719 -23.4574 235.489 0.0355604 0.459347 -0.0106575 0.887481
0000000385.000000 124.484 -23.5479 236.041 0.0355604 0.459347 -0.0106575 0.887481
0000000386.000000 125.242 -23.6378 236.585 0.0355604 0.459347 -0.0106575 0.887481
0000000387.000000 125.989 -23.7259 237.118 0.0355604 0.459347 -0.0106575 0.887481
0000000388.000000 126.72 -23.8162 237.645 0.0355604 0.459347 -0.0106575 0.887481
0000000389.000000 127.441 -23.9035 238.16 0.0355604 0.459347 -0.0106575 0.887481
0000000390.000000 128.154 -23.9882 238.665 0.0355604 0.459347 -0.0106575 0.887481
0000000391.000000 128.851 -24.0723 239.165 0.0355604 0.459347 -0.0106575 0.887481
0000000392.000000 129.533 -24.1593 239.663 0.0355604 0.459347 -0.0106575 0.887481
0000000393.000000 130.201 -24.2434 240.15 0.0355604 0.459347 -0.0106575 0.887481
0000000394.000000 130.857 -24.3235 240.628 0.0355604 0.459347 -0.0106575 0.887481
0000000395.000000 131.498 -24.401 241.095 0.0355604 0.459347 -0.0106575 0.887481
0000000396.000000 132.125 -24.4756 241.554 0.0355604 0.459347 -0.0106575 0.887481
0000000397.000000 132.743 -24.5494 242.007 0.0355604 0.459347 -0.0106575 0.887481
0000000398.000000 133.347 -24.622 242.451 0.0354031 0.45525 -0.0119562 0.889579
0000000399.000000 133.933 -24.692 242.889 0.034961 0.450908 -0.011516 0.891811
0000000400.000000 134.502 -24.7625 243.319 0.033536 0.4468 -0.0116192 0.89393
0000000401.000000 135.046 -24.8305 243.747 0.0317467 0.443116 -0.0128169 0.89581
0000000402.000000 135.571 -24.8952 244.171 0.0317467 0.443116 -0.0128169 0.89581
0000000403.000000 136.072 -24.9559 244.58 0.028905 0.440977 -0.0159947 0.89691
0000000404.000000 136.555 -25.0124 244.974 0.0257374 0.441018 -0.0195489 0.896916
0000000405.000000 137.022 -25.0679 245.345 0.0230875 0.443963 -0.022312 0.89547
0000000406.000000 137.48 -25.1229 245.693 0.0213234 0.449105 -0.0237396 0.892909
0000000407.000000 137.926 -25.1778 246.015 0.0211766 0.456333 -0.0250609 0.889204
0000000408.000000 138.376 -25.2296 246.316 0.0217383 0.466472 -0.0270732 0.883854
0000000409.000000 138.833 -25.2783 246.598 0.0213703 0.4796 -0.0290162 0.876747
0000000410.000000 139.259 -25.325 246.842 0.0201765 0.495588 -0.0292866 0.867829
0000000411.000000 139.714 -25.3578 246.804 0.021274 0.523715 -0.0257072 0.85124
0000000412.000000 140.164 -25.3902 246.766 0.0224432 0.551278 -0.022165 0.833725
0000000413.000000 140.61 -25.4224 246.727 0.0236824 0.578283 -0.0186622 0.815279
0000000414.000000 141.05 -25.4539 246.687 0.0249846 0.604626 -0.0152152 0.795972
0000000415.000000 141.486 -25.4853 246.647 0.0263504 0.630366 -0.0118193 0.77576
0000000416.000000 141.912 -25.5157 246.607 0.0277675 0.655328 -0.0085004 0.754786
0000000417.000000 142.337 -25.5462 246.568 0.0292413 0.679651 -0.00524306 0.732934
0000000418.000000 142.757 -25.5765 246.53 0.0307646 0.703251 -0.0020609 0.710273
0000000419.000000 143.165 -25.6057 246.492 0.0323243 0.725981 0.00102371 0.686954
0000000420.000000 143.576 -25.6355 246.457 0.0339332 0.748064 0.00403797 0.662746
0000000421.000000 143.972 -25.6637 246.422 0.0355631 0.76916 0.00693367 0.638029
0000000422.000000 144.365 -25.6921 246.39 0.0372262 0.789476 0.0097365 0.612575
0000000423.000000 144.755 -25.7205 246.361 0.0389165 0.808967 0.0124381 0.586432
0000000424.000000 145.137 -25.7483 246.334 0.0406224 0.827544 0.0150241 0.559728
0000000425.000000 145.517 -25.7762 246.311 0.0423474 0.845275 0.0175016 0.532364
0000000426.000000 145.894 -25.8035 246.286 0.0439968 0.862099 0.0198727 0.504436
0000000427.000000 146.147 -25.7987 246.014 0.0422787 0.878022 0.0226445 0.476211
0000000428.000000 146.485 -25.7994 245.759 0.0382652 0.893067 0.0245688 0.44762
0000000429.000000 146.802 -25.7935 245.48 0.0364908 0.906856 0.0242853 0.419154
0000000430.000000 147.025 -25.7805 245.143 0.0400737 0.91888 0.0249282 0.391705
0000000431.000000 147.308 -25.7782 244.799 0.0448036 0.928999 0.0272638 0.366348
0000000432.000000 147.586 -25.7726 244.437 0.0456324 0.937572 0.027993 0.343646
0000000433.000000 147.836 -25.7622 244.052 0.0438092 0.944942 0.026227 0.323229
0000000434.000000 148.117 -25.7461 243.658 0.0414265 0.95121 0.0235916 0.304838
0000000435.000000 148.39 -25.7316 243.236 0.040708 0.956266 0.0226882 0.288762
0000000436.000000 148.643 -25.717 242.782 0.042339 0.959965 0.0244873 0.275819
0000000437.000000 148.908 -25.7088 242.313 0.044062 0.962567 0.0259417 0.266178
0000000438.000000 149.178 -25.695 241.831 0.0459292 0.964376 0.0259479 0.259223
0000000439.000000 149.454 -25.6786 241.338 0.0459292 0.964376 0.0259479 0.259223
0000000440.000000 149.752 -25.6605 240.832 0.0459292 0.964376 0.0259479 0.259223
0000000441.000000 150.061 -25.6468 240.315 0.0459292 0.964376 0.0259479 0.259223
0000000442.000000 150.379 -25.637 239.785 0.0459292 0.964376 0.0259479 0.259223
0000000443.000000 150.7 -25.6253 239.239 0.0459292 0.964376 0.0259479 0.259223
0000000444.000000 151.369 -25.5967 238.107 0.0459292 0.964376 0.0259479 0.259223
0000000445.000000 151.714 -25.5828 237.516 0.0459292 0.964376 0.0259479 0.259223
0000000446.000000 152.063 -25.5745 236.912 0.0459292 0.964376 0.0259479 0.259223
0000000447.000000 152.417 -25.5692 236.299 0.0459292 0.964376 0.0259479 0.259223
0000000448.000000 152.775 -25.5594 235.673 0.0459292 0.964376 0.0259479 0.259223
0000000449.000000 153.145 -25.5413 235.034 0.0459292 0.964376 0.0259479 0.259223
0000000450.000000 153.526 -25.5235 234.377 0.0459292 0.964376 0.0259479 0.259223
0000000451.000000 153.921 -25.5112 233.703 0.0459292 0.964376 0.0259479 0.259223
0000000452.000000 154.322 -25.5016 233.015 0.0459292 0.964376 0.0259479 0.259223
0000000453.000000 154.724 -25.4901 232.318 0.0459292 0.964376 0.0259479 0.259223
0000000454.000000 155.134 -25.4765 231.611 0.0459292 0.964376 0.0259479 0.259223
0000000455.000000 155.546 -25.4646 230.888 0.0459292 0.964376 0.0259479 0.259223
0000000456.000000 155.963 -25.4551 230.154 0.0459292 0.964376 0.0259479 0.259223
0000000457.000000 156.384 -25.4506 229.409 0.0459292 0.964376 0.0259479 0.259223
0000000458.000000 156.815 -25.4451 228.663 0.0459292 0.964376 0.0259479 0.259223
0000000459.000000 157.253 -25.4388 227.911 0.0455899 0.964544 0.0207113 0.25913
0000000460.000000 157.695 -25.4327 227.149 0.0461333 0.96476 0.0158762 0.258569
0000000461.000000 158.145 -25.4304 226.368 0.0461333 0.96476 0.0158762 0.258569
0000000462.000000 158.604 -25.4295 225.574 0.0461333 0.96476 0.0158762 0.258569
0000000463.000000 159.067 -25.4313 224.773 0.0429057 0.965165 0.0195784 0.257355
0000000464.000000 159.525 -25.4236 223.959 0.0429057 0.965165 0.0195784 0.257355
0000000465.000000 159.979 -25.4196 223.145 0.0429057 0.965165 0.0195784 0.257355
0000000466.000000 160.435 -25.4143 222.329 0.0429057 0.965165 0.0195784 0.257355
0000000467.000000 160.894 -25.4107 221.505 0.0429057 0.965165 0.0195784 0.257355
0000000468.000000 161.36 -25.4056 220.676 0.0429057 0.965165 0.0195784 0.257355
0000000469.000000 161.839 -25.4017 219.846 0.0429057 0.965165 0.0195784 0.257355
0000000470.000000 162.32 -25.3984 219.01 0.0429057 0.965165 0.0195784 0.257355
0000000471.000000 162.803 -25.3944 218.17 0.0429057 0.965165 0.0195784 0.257355
0000000472.000000 163.289 -25.3901 217.326 0.0429057 0.965165 0.0195784 0.257355
0000000473.000000 163.779 -25.3913 216.48 0.0429057 0.965165 0.0195784 0.257355
0000000474.000000 164.261 -25.3945 215.638 0.0429057 0.965165 0.0195784 0.257355
0000000475.000000 164.746 -25.39 214.792 0.0429057 0.965165 0.0195784 0.257355
0000000476.000000 165.232 -25.3896 213.947 0.0429057 0.965165 0.0195784 0.257355
0000000477.000000 165.717 -25.3903 213.097 0.0429057 0.965165 0.0195784 0.257355
0000000478.000000 166.204 -25.3869 212.246 0.0429057 0.965165 0.0195784 0.257355
0000000479.000000 166.695 -25.381 211.398 0.0429057 0.965165 0.0195784 0.257355
0000000480.000000 167.184 -25.3754 210.548 0.0429057 0.965165 0.0195784 0.257355
0000000481.000000 167.672 -25.3742 209.702 0.0429057 0.965165 0.0195784 0.257355
0000000482.000000 168.16 -25.375 208.862 0.0429057 0.965165 0.0195784 0.257355
0000000483.000000 168.641 -25.3821 208.023 0.0429057 0.965165 0.0195784 0.257355
0000000484.000000 169.119 -25.3863 207.181 0.0429057 0.965165 0.0195784 0.257355
0000000485.000000 169.598 -25.3866 206.338 0.0429057 0.965165 0.0195784 0.257355
0000000486.000000 170.076 -25.3854 205.491 0.0429057 0.965165 0.0195784 0.257355
0000000487.000000 170.552 -25.3872 204.646 0.0429057 0.965165 0.0195784 0.257355
0000000488.000000 171.032 -25.3866 203.801 0.0429057 0.965165 0.0195784 0.257355
0000000489.000000 171.51 -25.3897 202.967 0.0429057 0.965165 0.0195784 0.257355
0000000490.000000 171.989 -25.3905 202.137 0.0429057 0.965165 0.0195784 0.257355
0000000491.000000 172.47 -25.3947 201.317 0.0413127 0.965276 0.0150754 0.257503
0000000492.000000 172.95 -25.4013 200.495 0.0413127 0.965276 0.0150754 0.257503
0000000493.000000 173.907 -25.3998 198.833 0.0389728 0.965055 0.0232132 0.258092
0000000494.000000 174.38 -25.3962 198.01 0.0389728 0.965055 0.0232132 0.258092
0000000495.000000 174.841 -25.3922 197.193 0.0389728 0.965055 0.0232132 0.258092
0000000496.000000 175.3 -25.3903 196.384 0.0389728 0.965055 0.0232132 0.258092
0000000497.000000 175.761 -25.387 195.581 0.0389728 0.965055 0.0232132 0.258092
0000000498.000000 176.224 -25.384 194.783 0.0389728 0.965055 0.0232132 0.258092
0000000499.000000 176.684 -25.3793 193.988 0.0389728 0.965055 0.0232132 0.258092
0000000500.000000 177.609 -25.3793 192.412 0.0389728 0.965055 0.0232132 0.258092
0000000501.000000 178.074 -25.373 191.627 0.0389728 0.965055 0.0232132 0.258092
0000000502.000000 178.537 -25.3682 190.838 0.0389728 0.965055 0.0232132 0.258092
0000000503.000000 178.997 -25.3654 190.054 0.0389728 0.965055 0.0232132 0.258092
0000000504.000000 179.457 -25.3614 189.275 0.0389728 0.965055 0.0232132 0.258092
0000000505.000000 179.913 -25.3581 188.494 0.0406253 0.963804 0.0251551 0.262293
0000000506.000000 180.378 -25.3547 187.727 0.0417647 0.962377 0.0259046 0.267236
0000000507.000000 180.851 -25.3584 186.971 0.0401416 0.961042 0.0244614 0.272376
0000000508.000000 181.33 -25.3639 186.222 0.0396194 0.959654 0.0217287 0.277529
0000000509.000000 181.813 -25.3708 185.479 0.0398882 0.958197 0.019203 0.282664
0000000510.000000 182.307 -25.3766 184.741 0.0384368 0.956833 0.0189107 0.287463
0000000511.000000 182.811 -25.3809 184.005 0.0363263 0.955406 0.0211053 0.292292
0000000512.000000 183.316 -25.3887 183.274 0.0356009 0.953889 0.0231639 0.297138
0000000513.000000 183.822 -25.3914 182.556 0.0353189 0.952534 0.0224294 0.301544
0000000514.000000 184.332 -25.3942 181.851 0.0360881 0.951442 0.0181515 0.305167
0000000515.000000 184.849 -25.3974 181.151 0.0360881 0.951442 0.0181515 0.305167
0000000516.000000 185.367 -25.3978 180.445 0.0360881 0.951442 0.0181515 0.305167
0000000517.000000 185.889 -25.3967 179.733 0.0348171 0.950246 0.0221586 0.308755
0000000518.000000 186.413 -25.3939 179.029 0.0351955 0.948817 0.0260659 0.312774
0000000519.000000 186.941 -25.3901 178.344 0.0344028 0.947385 0.025493 0.317219
0000000520.000000 187.47 -25.389 177.672 0.0355218 0.945885 0.0207861 0.321883
0000000521.000000 188.002 -25.384 177.001 0.0375585 0.944265 0.0179244 0.326545
0000000522.000000 188.543 -25.3826 176.329 0.0382274 0.942558 0.0200072 0.331245
0000000523.000000 189.093 -25.3877 175.659 0.0379936 0.940667 0.0240898 0.336335
0000000524.000000 189.641 -25.3886 174.996 0.038984 0.938406 0.0269283 0.342271
0000000525.000000 190.193 -25.3876 174.349 0.0425182 0.936068 0.0260591 0.348268
0000000526.000000 190.743 -25.3897 173.713 0.0458196 0.93409 0.0231095 0.35333
0000000527.000000 191.303 -25.3992 173.084 0.0499173 0.932204 0.0195051 0.357944
0000000528.000000 191.876 -25.4123 172.467 0.0505376 0.930512 0.0182275 0.362301
0000000529.000000 192.462 -25.4337 171.858 0.0480391 0.929077 0.0174179 0.366339
0000000530.000000 193.052 -25.4487 171.247 0.0470342 0.927624 0.019953 0.370005
0000000531.000000 193.641 -25.4572 170.637 0.0471057 0.92606 0.0232687 0.373702
0000000532.000000 194.233 -25.4698 170.038 0.0458206 0.924656 0.0265063 0.377107
0000000533.000000 194.83 -25.4847 169.453 0.0458206 0.924656 0.0265063 0.377107
0000000534.000000 195.421 -25.4982 168.871 0.0467409 0.923343 0.0228047 0.380437
0000000535.000000 196.006 -25.508 168.288 0.0499611 0.921753 0.020214 0.384015
0000000536.000000 196.606 -25.5238 167.714 0.0499611 0.921753 0.020214 0.384015
0000000537.000000 197.213 -25.5425 167.136 0.0470499 0.920464 0.0214661 0.38739
0000000538.000000 197.813 -25.5594 166.559 0.0474639 0.91879 0.0235831 0.391172
0000000539.000000 198.412 -25.5782 165.987 0.0497158 0.917185 0.0227852 0.394691
0000000540.000000 199.01 -25.5971 165.43 0.0511339 0.91582 0.0193513 0.397849
0000000541.000000 199.613 -25.6199 164.874 0.0523829 0.914269 0.0160977 0.401383
0000000542.000000 200.22 -25.6492 164.323 0.0523829 0.914269 0.0160977 0.401383
0000000543.000000 200.83 -25.6831 163.774 0.0505132 0.91232 0.0170149 0.405993
0000000544.000000 201.444 -25.7152 163.235 0.0495385 0.910387 0.0168444 0.410436
0000000545.000000 202.058 -25.7472 162.705 0.0481523 0.908382 0.0159328 0.415054
0000000546.000000 202.675 -25.7806 162.182 0.0481328 0.906503 0.0150323 0.419178
0000000547.000000 203.297 -25.8141 161.663 0.0476682 0.904516 0.0153935 0.423488
0000000548.000000 203.921 -25.8454 161.154 0.0465711 0.902567 0.015618 0.427738
0000000549.000000 204.545 -25.8809 160.654 0.0457001 0.900624 0.0152653 0.43192
0000000550.000000 205.167 -25.9167 160.162 0.0460328 0.898541 0.0131587 0.43627
0000000551.000000 205.782 -25.9522 159.678 0.0478447 0.896402 0.0101067 0.440537
0000000552.000000 206.404 -25.9881 159.204 0.0487876 0.894333 0.0080849 0.44466
0000000553.000000 207.035 -26.0255 158.733 0.0475375 0.892298 0.00936881 0.44884
0000000554.000000 207.667 -26.0676 158.266 0.0454733 0.89014 0.0136347 0.453208
0000000555.000000 208.301 -26.106 157.805 0.0439722 0.887923 0.0183927 0.457515
0000000556.000000 208.926 -26.1403 157.354 0.0436431 0.885656 0.021444 0.46179
0000000557.000000 209.541 -26.1712 156.922 0.0450502 0.883421 0.0208801 0.465942
0000000558.000000 210.15 -26.2048 156.506 0.0459335 0.881278 0.0183369 0.470004
0000000559.000000 210.75 -26.2361 156.107 0.0462566 0.879251 0.0163311 0.473827
0000000560.000000 211.342 -26.271 155.72 0.0462566 0.879251 0.0163311 0.473827
0000000561.000000 211.924 -26.306 155.343 0.0462566 0.879251 0.0163311 0.473827
0000000562.000000 212.49 -26.3402 154.972 0.0462566 0.879251 0.0163311 0.473827
0000000563.000000 213.041 -26.3736 154.612 0.0462566 0.879251 0.0163311 0.473827
0000000564.000000 213.573 -26.4062 154.26 0.0462566 0.879251 0.0163311 0.473827
0000000565.000000 214.087 -26.4387 153.919 0.0462566 0.879251 0.0163311 0.473827
0000000566.000000 214.579 -26.4672 153.591 0.0462566 0.879251 0.0163311 0.473827
0000000567.000000 215.056 -26.4968 153.28 0.0462566 0.879251 0.0163311 0.473827
0000000568.000000 215.512 -26.5214 152.977 0.0462566 0.879251 0.0163311 0.473827
0000000569.000000 215.95 -26.5415 152.686 0.0462566 0.879251 0.0163311 0.473827
0000000570.000000 216.366 -26.5588 152.402 0.0445938 0.881831 0.01854 0.469086
0000000571.000000 216.764 -26.577 152.129 0.042681 0.884766 0.0221728 0.463547
0000000572.000000 217.128 -26.5896 151.861 0.0415972 0.887933 0.026085 0.457345
0000000573.000000 217.467 -26.6003 151.606 0.0422947 0.891128 0.0290866 0.450839
0000000574.000000 217.781 -26.6081 151.355 0.0442808 0.894545 0.030613 0.443724
0000000575.000000 218.074 -26.6113 151.114 0.0455868 0.898311 0.0306418 0.435914
0000000576.000000 218.36 -26.6148 150.866 0.0490838 0.902428 0.0292419 0.427035
0000000577.000000 218.644 -26.6142 150.616 0.0502694 0.907063 0.0260842 0.417169
0000000578.000000 219.181 -26.6099 150.099 0.0475569 0.918215 0.0228105 0.392554
0000000579.000000 219.413 -26.6 149.823 0.0470912 0.924425 0.0240038 0.377682
0000000580.000000 219.653 -26.5952 149.53 0.0469827 0.930835 0.0258253 0.361485
0000000581.000000 219.881 -26.5911 149.23 0.0480688 0.937372 0.0278158 0.343874
0000000582.000000 220.05 -26.5812 148.921 0.0497647 0.943606 0.0309302 0.325845
0000000583.000000 220.242 -26.5762 148.612 0.0506236 0.949703 0.033039 0.307262
0000000584.000000 220.426 -26.5699 148.303 0.0500812 0.955837 0.0331318 0.287697
0000000585.000000 220.557 -26.5627 147.992 0.0470924 0.961997 0.0319329 0.267067
0000000586.000000 220.724 -26.5509 147.67 0.0446181 0.967959 0.0304236 0.245232
0000000587.000000 220.815 -26.5332 147.329 0.0441028 0.973524 0.0301127 0.222257
0000000588.000000 220.947 -26.513 146.974 0.0437317 0.978736 0.0296937 0.198194
0000000589.000000 221.099 -26.4637 146.223 0.0444669 0.987504 0.0315915 0.147855
0000000590.000000 221.197 -26.4468 145.826 0.0418235 0.99105 0.0348353 0.121887
0000000591.000000 221.279 -26.4283 145.421 0.0380618 0.993956 0.0381772 0.0956304
0000000592.000000 221.261 -26.3979 145.004 0.0353717 0.99617 0.0409732 0.0686636
0000000593.000000 221.294 -26.3724 144.576 0.0333349 0.997675 0.0433138 0.0407129
0000000594.000000 221.217 -26.3354 144.134 0.0316329 0.998398 0.0454125 0.0118021
0000000595.000000 221.203 -26.301 143.675 0.0294021 0.998307 0.0468973 -0.0178726
0000000596.000000 221.163 -26.2613 143.199 0.0265995 0.997365 0.0475882 -0.0478716
0000000597.000000 221.007 -26.2136 142.704 0.023747 0.995519 0.0480933 -0.0778793
0000000598.000000 220.898 -26.1661 142.189 0.0217948 0.992864 0.0490028 -0.106509
0000000599.000000 220.746 -26.1161 141.657 0.0211481 0.989675 0.0498044 -0.132723
0000000600.000000 220.513 -26.0611 141.108 0.0214187 0.986269 0.0506716 -0.155712
0000000601.000000 220.297 -26.0039 140.538 0.0214901 0.983019 0.0514451 -0.174831
0000000602.000000 220.05 -25.9426 139.95 0.0215035 0.980071 0.0520561 -0.190494
0000000603.000000 219.767 -25.8759 139.345 0.0213577 0.977468 0.0525121 -0.203329
0000000604.000000 219.477 -25.8058 138.719 0.0212283 0.97523 0.0526113 -0.213793
0000000605.000000 219.163 -25.7328 138.076 0.0211695 0.973264 0.0524793 -0.22261
0000000606.000000 218.828 -25.6565 137.419 0.0212787 0.971543 0.0523197 -0.230031
0000000607.000000 218.478 -25.5784 136.743 0.0207498 0.969997 0.0521441 -0.236553
0000000608.000000 218.103 -25.5006 136.052 0.0209103 0.968542 0.0524485 -0.242359
0000000609.000000 217.708 -25.411 135.343 0.0215922 0.967314 0.0531836 -0.247
0000000610.000000 217.299 -25.319 134.613 0.0215922 0.967314 0.0531836 -0.247
0000000611.000000 216.882 -25.225 133.862 0.0215922 0.967314 0.0531836 -0.247
0000000612.000000 216.46 -25.1354 133.094 0.0215922 0.967314 0.0531836 -0.247
0000000613.000000 216.036 -25.0325 132.303 0.0215922 0.967314 0.0531836 -0.247
0000000614.000000 215.605 -24.9224 131.492 0.0215922 0.967314 0.0531836 -0.247
0000000615.000000 215.162 -24.8076 130.659 0.0215922 0.967314 0.0531836 -0.247
0000000616.000000 214.703 -24.6971 129.805 0.0215922 0.967314 0.0531836 -0.247
0000000617.000000 214.234 -24.5906 128.939 0.0215922 0.967314 0.0531836 -0.247
0000000618.000000 213.76 -24.4805 128.067 0.0215922 0.967314 0.0531836 -0.247
0000000619.000000 213.282 -24.3688 127.189 0.0215922 0.967314 0.0531836 -0.247
0000000620.000000 212.8 -24.2589 126.304 0.0215922 0.967314 0.0531836 -0.247
0000000621.000000 212.317 -24.1564 125.417 0.0215922 0.967314 0.0531836 -0.247
0000000622.000000 211.836 -24.0535 124.528 0.0215922 0.967314 0.0531836 -0.247
0000000623.000000 211.354 -23.95 123.638 0.0215922 0.967314 0.0531836 -0.247
0000000624.000000 210.875 -23.8432 122.749 0.0215922 0.967314 0.0531836 -0.247
0000000625.000000 210.392 -23.7406 121.856 0.0215922 0.967314 0.0531836 -0.247
0000000626.000000 209.91 -23.64 120.966 0.0215922 0.967314 0.0531836 -0.247
0000000627.000000 209.429 -23.5413 120.077 0.0215922 0.967314 0.0531836 -0.247
0000000628.000000 208.948 -23.4404 119.187 0.0215922 0.967314 0.0531836 -0.247
0000000629.000000 208.465 -23.3351 118.296 0.0215922 0.967314 0.0531836 -0.247
0000000630.000000 207.983 -23.234 117.406 0.0215922 0.967314 0.0531836 -0.247
0000000631.000000 207.503 -23.1334 116.518 0.0215922 0.967314 0.0531836 -0.247
0000000632.000000 207.025 -23.0346 115.636 0.0215922 0.967314 0.0531836 -0.247
0000000633.000000 206.069 -22.8342 113.863 0.0215922 0.967314 0.0531836 -0.247
0000000634.000000 205.592 -22.7361 112.978 0.0215922 0.967314 0.0531836 -0.247
0000000635.000000 205.115 -22.6412 112.097 0.0215922 0.967314 0.0531836 -0.247
0000000636.000000 204.639 -22.5467 111.218 0.0215922 0.967314 0.0531836 -0.247
0000000637.000000 204.169 -22.4496 110.34 0.0215922 0.967314 0.0531836 -0.247
0000000638.000000 203.697 -22.3526 109.463 0.0215922 0.967314 0.0531836 -0.247
0000000639.000000 203.225 -22.2547 108.586 0.0215922 0.967314 0.0531836 -0.247
0000000640.000000 202.751 -22.1599 107.712 0.0215922 0.967314 0.0531836 -0.247
0000000641.000000 202.277 -22.0653 106.84 0.0215922 0.967314 0.0531836 -0.247
0000000642.000000 201.803 -21.9724 105.973 0.0215922 0.967314 0.0531836 -0.247
0000000643.000000 201.331 -21.8822 105.11 0.0215922 0.967314 0.0531836 -0.247
0000000644.000000 200.861 -21.7892 104.245 0.0215922 0.967314 0.0531836 -0.247
0000000645.000000 200.395 -21.6938 103.38 0.0215922 0.967314 0.0531836 -0.247
0000000646.000000 199.929 -21.5981 102.514 0.0215922 0.967314 0.0531836 -0.247
0000000647.000000 199.463 -21.5036 101.651 0.0215922 0.967314 0.0531836 -0.247
0000000648.000000 199 -21.4108 100.796 0.0215922 0.967314 0.0531836 -0.247
0000000649.000000 198.536 -21.3182 99.941 0.0215922 0.967314 0.0531836 -0.247
0000000650.000000 198.075 -21.2266 99.0852 0.0215922 0.967314 0.0531836 -0.247
0000000651.000000 197.612 -21.1323 98.2264 0.0215922 0.967314 0.0531836 -0.247
0000000652.000000 197.143 -21.0327 97.3589 0.0215922 0.967314 0.0531836 -0.247
0000000653.000000 196.67 -20.9341 96.4853 0.0215922 0.967314 0.0531836 -0.247
0000000654.000000 196.193 -20.8368 95.6108 0.0215922 0.967314 0.0531836 -0.247
0000000655.000000 195.708 -20.7334 94.7317 0.0215922 0.967314 0.0531836 -0.247
0000000656.000000 195.216 -20.6264 93.8412 0.0215922 0.967314 0.0531836 -0.247
0000000657.000000 194.725 -20.5232 92.9384 0.0215922 0.967314 0.0531836 -0.247
0000000658.000000 194.233 -20.4205 92.0312 0.0215922 0.967314 0.0531836 -0.247
0000000659.000000 193.737 -20.3126 91.1206 0.0215922 0.967314 0.0531836 -0.247
0000000660.000000 193.237 -20.2032 90.2046 0.0215922 0.967314 0.0531836 -0.247
0000000661.000000 192.725 -20.0944 89.2764 0.0215922 0.967314 0.0531836 -0.247
0000000662.000000 192.229 -19.992 88.3579 0.0215922 0.967314 0.0531836 -0.247
0000000663.000000 191.733 -19.8895 87.4388 0.0215922 0.967314 0.0531836 -0.247
0000000664.000000 191.236 -19.7871 86.521 0.0215922 0.967314 0.0531836 -0.247
0000000665.000000 190.738 -19.6847 85.6028 0.0215922 0.967314 0.0531836 -0.247
0000000666.000000 190.24 -19.5823 84.6858 0.0215922 0.967314 0.0531836 -0.247
0000000667.000000 189.242 -19.3777 82.8525 0.0215922 0.967314 0.0531836 -0.247
0000000668.000000 188.742 -19.2753 81.9364 0.0215922 0.967314 0.0531836 -0.247
0000000669.000000 187.74 -19.0708 80.1054 0.0215922 0.967314 0.0531836 -0.247
0000000670.000000 187.238 -18.9686 79.1915 0.0215922 0.967314 0.0531836 -0.247
0000000671.000000 186.735 -18.8663 78.2762 0.0215922 0.967314 0.0531836 -0.247
0000000672.000000 186.231 -18.7641 77.3621 0.0215922 0.967314 0.0531836 -0.247
0000000673.000000 185.727 -18.6619 76.4486 0.0215922 0.967314 0.0531836 -0.247
0000000674.000000 185.222 -18.5598 75.5357 0.0215922 0.967314 0.0531836 -0.247
0000000675.000000 184.716 -18.4576 74.6229 0.0215922 0.967314 0.0531836 -0.247
0000000676.000000 184.21 -18.3555 73.7101 0.0215922 0.967314 0.0531836 -0.247
0000000677.000000 183.736 -18.2619 72.8366 0.0215922 0.967314 0.0531836 -0.247
0000000678.000000 183.268 -18.1686 71.9762 0.0215922 0.967314 0.0531836 -0.247
0000000679.000000 182.812 -18.0794 71.1329 0.0215922 0.967314 0.0531836 -0.247
0000000680.000000 182.365 -17.9951 70.3043 0.0215922 0.967314 0.0531836 -0.247
0000000681.000000 181.952 -17.9154 69.5346 0.0215922 0.967314 0.0531836 -0.247
0000000682.000000 181.112 -17.7872 68.3723 0.0209396 0.961092 0.0529265 -0.270301
0000000683.000000 180.693 -17.7232 67.7927 0.0205905 0.957776 0.0527873 -0.281876
0000000684.000000 180.273 -17.6593 67.2126 0.0202251 0.954316 0.052641 -0.293429
0000000685.000000 179.855 -17.5954 66.6336 0.0198447 0.950722 0.0524879 -0.304925
0000000686.000000 179.436 -17.5315 66.0539 0.019448 0.946982 0.0523279 -0.3164
0000000687.000000 179.018 -17.4677 65.4751 0.0190363 0.943108 0.0521615 -0.327816
0000000688.000000 178.6 -17.404 64.8962 0.0186089 0.939093 0.0519888 -0.339197
0000000689.000000 178.183 -17.3403 64.3182 0.0181667 0.934946 0.05181 -0.350515
0000000690.000000 177.766 -17.2766 63.7398 0.0177087 0.930657 0.0516251 -0.361799
0000000691.000000 177.35 -17.213 63.1616 0.0172355 0.926232 0.0514343 -0.373031
0000000692.000000 176.934 -17.1494 62.5837 0.0167473 0.921671 0.0512379 -0.384209
0000000693.000000 176.518 -17.0858 62.0052 0.0162434 0.91697 0.0510358 -0.395346
0000000694.000000 176.102 -17.0223 61.4277 0.0157252 0.912138 0.0508286 -0.406415
0000000695.000000 175.604 -16.9468 60.8362 0.015146 0.908188 0.0503192 -0.415251
0000000696.000000 175.243 -16.9078 60.4895 0.0149561 0.894682 0.0524479 -0.443361
0000000697.000000 174.676 -16.8548 60.218 0.0144984 0.879082 0.0545398 -0.473318
0000000698.000000 174.215 -16.8118 59.9695 -0.0137894 -0.861406 -0.0555339 0.504684
0000000699.000000 173.748 -16.7673 59.7656 -0.0127038 -0.842155 -0.0552375 0.536248
0000000700.000000 173.146 -16.719 59.6263 -0.0113177 -0.82166 -0.0548339 0.567221
0000000701.000000 172.662 -16.6775 59.5076 -0.0103224 -0.800033 -0.0545 0.597387
0000000702.000000 172.049 -16.6342 59.4525 -0.00956198 -0.777489 -0.0540258 0.626498
0000000703.000000 171.562 -16.5971 59.4163 -0.0091699 -0.753855 -0.0531886 0.65482
0000000704.000000 171.067 -16.5627 59.4213 -0.00871213 -0.729471 -0.0526334 0.681928
0000000705.000000 170.454 -16.5262 59.4818 -0.00824125 -0.704499 -0.0524177 0.707719
0000000706.000000 169.944 -16.4913 59.5609 -0.00869548 -0.679617 -0.0516828 0.731693
0000000707.000000 168.823 -16.4275 59.8332 -0.00876898 -0.632037 -0.0531157 0.773066
0000000708.000000 168.3 -16.4004 60.0073 -0.00797908 -0.60954 -0.0537689 0.79089
0000000709.000000 167.774 -16.3735 60.2111 -0.00713394 -0.588175 -0.0539797 0.806899
0000000710.000000 167.201 -16.3392 60.449 -0.0058491 -0.568218 -0.0547372 0.821035
0000000711.000000 166.673 -16.3112 60.7034 -0.00532056 -0.550132 -0.0552939 0.833228
0000000712.000000 165.591 -16.2461 61.2745 -0.00355526 -0.51847 -0.058692 0.853072
0000000713.000000 165.07 -16.2169 61.5908 -0.00235905 -0.502301 -0.0605159 0.86257
0000000714.000000 164.519 -16.1782 61.9281 -1.58235e-05 -0.485683 -0.0626927 0.871884
0000000715.000000 163.998 -16.152 62.2963 0.00187226 -0.46968 -0.0636797 0.880535
0000000716.000000 163.481 -16.1275 62.6918 0.00363998 -0.453661 -0.0640328 0.888863
0000000717.000000 162.94 -16.102 63.1182 0.00553136 -0.438246 -0.0643283 0.896533
0000000718.000000 162.429 -16.0807 63.5689 0.00665124 -0.423738 -0.0629745 0.903568
0000000719.000000 161.914 -16.0543 64.0407 0.00760594 -0.409634 -0.0616115 0.910135
0000000720.000000 161.384 -16.0307 64.5442 0.00815898 -0.39591 -0.0600733 0.916286
0000000721.000000 160.874 -16.0089 65.0678 0.00887758 -0.382666 -0.0588783 0.921966
0000000722.000000 159.862 -15.9866 66.1944 0.0100329 -0.357931 -0.0532666 0.932174
0000000723.000000 159.37 -15.9756 66.8027 0.00920767 -0.346427 -0.0490844 0.936747
0000000724.000000 158.868 -15.9682 67.4336 0.00769417 -0.335769 -0.0463536 0.940772
0000000725.000000 158.378 -15.9591 68.091 0.00543235 -0.325774 -0.0441264 0.944402
0000000726.000000 157.884 -15.9535 68.7666 0.00451471 -0.316806 -0.0432782 0.947492
0000000727.000000 157.385 -15.9457 69.4595 0.00571442 -0.308745 -0.0430683 0.950152
0000000728.000000 156.891 -15.9394 70.172 0.00808861 -0.300556 -0.0427973 0.952769
0000000729.000000 156.398 -15.9331 70.9101 0.00994551 -0.292051 -0.0433119 0.95537
0000000730.000000 155.898 -15.9301 71.6713 0.0102233 -0.283186 -0.0446718 0.95797
0000000731.000000 155.414 -15.9282 72.4568 0.00899685 -0.275069 -0.0438007 0.960384
0000000732.000000 154.46 -15.9326 74.0934 0.0104688 -0.262744 -0.0382219 0.964051
0000000733.000000 153.985 -15.9397 74.9351 0.0133923 -0.258201 -0.035836 0.965333
0000000734.000000 153.505 -15.9511 75.7962 0.0159148 -0.253882 -0.0337699 0.966515
0000000735.000000 153.02 -15.9682 76.6756 0.0159148 -0.253882 -0.0337699 0.966515
0000000736.000000 152.518 -15.9884 77.5678 0.0159148 -0.253882 -0.0337699 0.966515
0000000737.000000 152.003 -16.015 78.4697 0.0159148 -0.253882 -0.0337699 0.966515
0000000738.000000 151.486 -16.0428 79.3839 0.0159148 -0.253882 -0.0337699 0.966515
0000000739.000000 150.96 -16.0733 80.303 0.0159148 -0.253882 -0.0337699 0.966515
0000000740.000000 149.902 -16.1308 82.1677 0.0159148 -0.253882 -0.0337699 0.966515
0000000741.000000 149.367 -16.1627 83.1096 0.0159148 -0.253882 -0.0337699 0.966515
0000000742.000000 148.825 -16.1933 84.0518 0.0159148 -0.253882 -0.0337699 0.966515
0000000743.000000 148.279 -16.2214 85.0059 0.0159148 -0.253882 -0.0337699 0.966515
0000000744.000000 147.732 -16.2516 85.9616 0.0159148 -0.253882 -0.0337699 0.966515
0000000745.000000 147.185 -16.2906 86.9185 0.0159148 -0.253882 -0.0337699 0.966515
0000000746.000000 146.637 -16.3247 87.8788 0.0159148 -0.253882 -0.0337699 0.966515
0000000747.000000 146.086 -16.3664 88.8456 0.0159148 -0.253882 -0.0337699 0.966515
0000000748.000000 145.533 -16.4052 89.8162 0.0159148 -0.253882 -0.0337699 0.966515
0000000749.000000 144.979 -16.4471 90.7843 0.0159148 -0.253882 -0.0337699 0.966515
0000000750.000000 144.422 -16.4857 91.7598 0.0159148 -0.253882 -0.0337699 0.966515
0000000751.000000 143.862 -16.5309 92.741 0.0159148 -0.253882 -0.0337699 0.966515
0000000752.000000 143.302 -16.5757 93.7216 0.0159148 -0.253882 -0.0337699 0.966515
0000000753.000000 142.74 -16.6218 94.6961 0.0159148 -0.253882 -0.0337699 0.966515
0000000754.000000 142.182 -16.6655 95.6706 0.0159148 -0.253882 -0.0337699 0.966515
0000000755.000000 141.619 -16.7125 96.65 0.0159148 -0.253882 -0.0337699 0.966515
0000000756.000000 141.059 -16.7558 97.6266 0.0159148 -0.253882 -0.0337699 0.966515
0000000757.000000 140.501 -16.7944 98.6031 0.0159148 -0.253882 -0.0337699 0.966515
0000000758.000000 139.381 -16.8715 100.555 0.0159148 -0.253882 -0.0337699 0.966515
0000000759.000000 138.823 -16.9108 101.518 0.0159148 -0.253882 -0.0337699 0.966515
0000000760.000000 138.268 -16.952 102.483 0.0159148 -0.253882 -0.0337699 0.966515
0000000761.000000 137.717 -16.993 103.446 0.0159148 -0.253882 -0.0337699 0.966515
0000000762.000000 137.168 -17.0317 104.41 0.0159148 -0.253882 -0.0337699 0.966515
0000000763.000000 136.622 -17.0706 105.374 0.0159148 -0.253882 -0.0337699 0.966515
0000000764.000000 136.081 -17.1094 106.334 0.0159148 -0.253882 -0.0337699 0.966515
0000000765.000000 135.54 -17.149 107.29 0.0159148 -0.253882 -0.0337699 0.966515
0000000766.000000 135.002 -17.1887 108.24 0.0159148 -0.253882 -0.0337699 0.966515
0000000767.000000 134.465 -17.2266 109.188 0.0159148 -0.253882 -0.0337699 0.966515
0000000768.000000 133.4 -17.3055 111.073 0.0159148 -0.253882 -0.0337699 0.966515
0000000769.000000 132.873 -17.3518 112.015 0.0159148 -0.253882 -0.0337699 0.966515
0000000770.000000 132.343 -17.3941 112.955 0.0159148 -0.253882 -0.0337699 0.966515
0000000771.000000 131.819 -17.4403 113.884 0.0159148 -0.253882 -0.0337699 0.966515
0000000772.000000 131.295 -17.4838 114.812 0.0159148 -0.253882 -0.0337699 0.966515
0000000773.000000 130.775 -17.5289 115.739 0.0159148 -0.253882 -0.0337699 0.966515
0000000774.000000 130.256 -17.5763 116.662 0.0159148 -0.253882 -0.0337699 0.966515
0000000775.000000 129.742 -17.6232 117.584 0.0159148 -0.253882 -0.0337699 0.966515
0000000776.000000 129.235 -17.6689 118.505 0.0159148 -0.253882 -0.0337699 0.966515
0000000777.000000 128.727 -17.7107 119.421 0.0159148 -0.253882 -0.0337699 0.966515
0000000778.000000 128.221 -17.7498 120.336 0.0159148 -0.253882 -0.0337699 0.966515
0000000779.000000 127.713 -17.7862 121.244 0.0159148 -0.253882 -0.0337699 0.966515
0000000780.000000 126.712 -17.8568 123.05 0.0159148 -0.253882 -0.0337699 0.966515
0000000781.000000 126.22 -17.8898 123.943 0.0159148 -0.253882 -0.0337699 0.966515
0000000782.000000 125.731 -17.9222 124.829 0.0159148 -0.253882 -0.0337699 0.966515
0000000783.000000 125.247 -17.9539 125.705 0.0159148 -0.253882 -0.0337699 0.966515
0000000784.000000 124.77 -17.9853 126.568 0.0159148 -0.253882 -0.0337699 0.966515
0000000785.000000 124.301 -18.0181 127.419 0.0159148 -0.253882 -0.0337699 0.966515
0000000786.000000 123.837 -18.0507 128.257 0.0159148 -0.253882 -0.0337699 0.966515
0000000787.000000 123.381 -18.0853 129.075 0.0159148 -0.253882 -0.0337699 0.966515
0000000788.000000 122.938 -18.1175 129.878 0.0159148 -0.253882 -0.0337699 0.966515
0000000789.000000 122.507 -18.1498 130.661 0.0159148 -0.253882 -0.0337699 0.966515
0000000790.000000 122.083 -18.1802 131.431 0.0159148 -0.253882 -0.0337699 0.966515
0000000791.000000 121.67 -18.2139 132.181 0.0159148 -0.253882 -0.0337699 0.966515
0000000792.000000 121.268 -18.2457 132.914 0.0159148 -0.253882 -0.0337699 0.966515
0000000793.000000 120.872 -18.2736 133.629 0.0159148 -0.253882 -0.0337699 0.966515
0000000794.000000 120.482 -18.2997 134.329 0.0159148 -0.253882 -0.0337699 0.966515
0000000795.000000 120.096 -18.33 135.01 0.0159148 -0.253882 -0.0337699 0.966515
0000000796.000000 119.719 -18.3616 135.672 0.0159148 -0.253882 -0.0337699 0.966515
0000000797.000000 119.348 -18.3882 136.321 0.0156468 -0.258962 -0.0329447 0.965199
0000000798.000000 118.979 -18.4128 136.945 0.0157493 -0.26499 -0.0323464 0.96358
0000000799.000000 118.606 -18.4312 137.549 0.0153023 -0.271662 -0.0320862 0.961736
0000000800.000000 118.237 -18.4527 138.128 0.0139806 -0.279134 -0.0322273 0.959609
0000000801.000000 117.872 -18.472 138.678 0.0124108 -0.287811 -0.0323145 0.957061
0000000802.000000 117.495 -18.4856 139.197 0.0103589 -0.298708 -0.0319867 0.953752
0000000803.000000 117.131 -18.4993 139.68 0.00833467 -0.313243 -0.0308227 0.949136
0000000804.000000 116.78 -18.4961 140.127 0.00692211 -0.331037 -0.0304944 0.943099
0000000805.000000 116.377 -18.4861 140.533 0.00570131 -0.351565 -0.0307269 0.935642
0000000806.000000 116.006 -18.4801 140.903 0.00474881 -0.375254 -0.0315115 0.926374
0000000807.000000 115.63 -18.4722 141.24 0.00377632 -0.40141 -0.033042 0.915295
0000000808.000000 115.161 -18.4565 141.53 0.00266658 -0.429287 -0.0341369 0.902519
0000000809.000000 114.76 -18.4424 141.8 0.0012162 -0.458807 -0.035002 0.887845
0000000810.000000 114.353 -18.4254 142.041 -0.00170345 -0.489326 -0.0344054 0.87142
0000000811.000000 113.824 -18.4011 142.228 -0.00467894 -0.520444 -0.0357767 0.853133
0000000812.000000 113.393 -18.3807 142.388 -0.00677962 -0.551421 -0.037156 0.833371
0000000813.000000 112.955 -18.3583 142.502 -0.00672613 -0.581764 -0.0396014 0.812365
0000000814.000000 112.413 -18.3239 142.574 -0.00821546 -0.611298 -0.0407477 0.790308
0000000815.000000 111.964 -18.294 142.623 -0.0112443 -0.639288 -0.042558 0.767707
0000000816.000000 111.516 -18.2573 142.638 -0.014425 -0.666163 -0.0453301 0.744287
0000000817.000000 110.511 -18.1723 142.535 -0.016931 -0.715752 -0.05371 0.696081
0000000818.000000 110.046 -18.1316 142.447 -0.0182154 -0.737294 -0.055691 0.673026
0000000819.000000 109.514 -18.0848 142.327 -0.0188386 -0.75671 -0.0564163 0.651039
0000000820.000000 109.038 -18.0343 142.191 -0.0188542 -0.773702 -0.0556714 0.630818
0000000821.000000 108.519 -17.981 142.026 -0.0168407 -0.788557 -0.0552397 0.612244
0000000822.000000 108.03 -17.9218 141.84 -0.0143255 -0.800753 -0.055029 0.59629
0000000823.000000 107.528 -17.8619 141.629 -0.010569 -0.810534 -0.0574479 0.582772
0000000824.000000 107 -17.8041 141.407 -0.00971054 -0.818375 -0.0598489 0.571478
0000000825.000000 106.473 -17.7475 141.181 -0.0113018 -0.825195 -0.061039 0.561427
0000000826.000000 105.929 -17.6892 140.946 -0.0145639 -0.830943 -0.0614625 0.552761
0000000827.000000 104.846 -17.5578 140.429 -0.0143551 -0.839905 -0.0614886 0.539049
0000000828.000000 104.295 -17.4891 140.146 -0.0116059 -0.843566 -0.0615061 0.533365
0000000829.000000 103.73 -17.42 139.861 -0.0118701 -0.846223 -0.0604783 0.529252
0000000830.000000 103.149 -17.3476 139.572 -0.0139522 -0.848397 -0.0587916 0.525901
0000000831.000000 102.552 -17.2749 139.271 -0.0139522 -0.848397 -0.0587916 0.525901
0000000832.000000 101.941 -17.2033 138.961 -0.0139522 -0.848397 -0.0587916 0.525901
0000000833.000000 101.316 -17.1315 138.646 -0.0139522 -0.848397 -0.0587916 0.525901
0000000834.000000 100.675 -17.0534 138.324 -0.0139522 -0.848397 -0.0587916 0.525901
0000000835.000000 100.02 -16.9716 138 -0.0139522 -0.848397 -0.0587916 0.525901
0000000836.000000 99.3506 -16.8896 137.668 -0.0139522 -0.848397 -0.0587916 0.525901
0000000837.000000 98.6634 -16.8068 137.319 -0.0139522 -0.848397 -0.0587916 0.525901
0000000838.000000 97.9631 -16.72 136.96 -0.0139522 -0.848397 -0.0587916 0.525901
0000000839.000000 97.2484 -16.6331 136.597 -0.0139522 -0.848397 -0.0587916 0.525901
0000000840.000000 96.5174 -16.5469 136.228 -0.0139522 -0.848397 -0.0587916 0.525901
0000000841.000000 95.7695 -16.4569 135.849 -0.0139522 -0.848397 -0.0587916 0.525901
0000000842.000000 95.0017 -16.3623 135.467 -0.0139522 -0.848397 -0.0587916 0.525901
0000000843.000000 94.216 -16.2672 135.082 -0.0139522 -0.848397 -0.0587916 0.525901
0000000844.000000 93.4106 -16.1716 134.685 -0.0139522 -0.848397 -0.0587916 0.525901
0000000845.000000 92.5916 -16.0738 134.281 -0.0139522 -0.848397 -0.0587916 0.525901
0000000846.000000 91.7549 -15.9739 133.868 -0.0139522 -0.848397 -0.0587916 0.525901
0000000847.000000 90.9073 -15.872 133.441 -0.0139522 -0.848397 -0.0587916 0.525901
0000000848.000000 90.0419 -15.7689 133.004 -0.0139522 -0.848397 -0.0587916 0.525901
0000000849.000000 89.1572 -15.6666 132.563 -0.0139522 -0.848397 -0.0587916 0.525901
0000000850.000000 88.2633 -15.5698 132.118 -0.0139522 -0.848397 -0.0587916 0.525901
0000000851.000000 85.5348 -15.2756 130.785 -0.0134725 -0.848445 -0.0531439 0.526436
0000000852.000000 84.6076 -15.1857 130.332 -0.0134725 -0.848445 -0.0531439 0.526436
0000000853.000000 83.6799 -15.0966 129.872 -0.0134725 -0.848445 -0.0531439 0.526436
0000000854.000000 82.7466 -15.0032 129.404 -0.0134725 -0.848445 -0.0531439 0.526436
0000000855.000000 81.8049 -14.9089 128.935 -0.0134725 -0.848445 -0.0531439 0.526436
0000000856.000000 80.8588 -14.824 128.466 -0.0134725 -0.848445 -0.0531439 0.526436
0000000857.000000 79.9101 -14.7336 128 -0.0134725 -0.848445 -0.0531439 0.526436
0000000858.000000 78.957 -14.642 127.533 -0.0134725 -0.848445 -0.0531439 0.526436
0000000859.000000 78.0022 -14.5496 127.061 -0.0134725 -0.848445 -0.0531439 0.526436
0000000860.000000 77.0488 -14.4568 126.589 -0.0134725 -0.848445 -0.0531439 0.526436
0000000861.000000 76.0943 -14.3627 126.111 -0.0134725 -0.848445 -0.0531439 0.526436
0000000862.000000 75.1406 -14.2715 125.633 -0.0134725 -0.848445 -0.0531439 0.526436
0000000863.000000 74.1915 -14.1852 125.16 -0.0134725 -0.848445 -0.0531439 0.526436
0000000864.000000 73.2415 -14.0925 124.689 -0.0134725 -0.848445 -0.0531439 0.526436
0000000865.000000 72.2893 -13.9989 124.222 -0.0134725 -0.848445 -0.0531439 0.526436
0000000866.000000 71.3266 -13.9012 123.754 -0.0134725 -0.848445 -0.0531439 0.526436
0000000867.000000 70.374 -13.8095 123.285 -0.0134725 -0.848445 -0.0531439 0.526436
0000000868.000000 69.4248 -13.721 122.813 -0.0134725 -0.848445 -0.0531439 0.526436
0000000869.000000 68.4829 -13.6253 122.339 -0.0134725 -0.848445 -0.0531439 0.526436
0000000870.000000 67.5462 -13.5338 121.861 -0.0134725 -0.848445 -0.0531439 0.526436
0000000871.000000 66.6061 -13.4364 121.384 -0.0134725 -0.848445 -0.0531439 0.526436
0000000872.000000 65.6589 -13.3291 120.894 -0.0134725 -0.848445 -0.0531439 0.526436
0000000873.000000 64.7074 -13.2275 120.405 -0.0134725 -0.848445 -0.0531439 0.526436
0000000874.000000 63.7587 -13.1273 119.919 -0.0134725 -0.848445 -0.0531439 0.526436
0000000875.000000 61.8433 -12.926 118.958 -0.0134725 -0.848445 -0.0531439 0.526436
0000000876.000000 60.8733 -12.8212 118.473 -0.0134725 -0.848445 -0.0531439 0.526436
0000000877.000000 59.8895 -12.7259 117.984 -0.0134725 -0.848445 -0.0531439 0.526436
0000000878.000000 58.9048 -12.6322 117.498 -0.0134725 -0.848445 -0.0531439 0.526436
0000000879.000000 57.9152 -12.5365 117.013 -0.0134725 -0.848445 -0.0531439 0.526436
0000000880.000000 56.9207 -12.4373 116.524 -0.0134725 -0.848445 -0.0531439 0.526436
0000000881.000000 55.9218 -12.34 116.031 -0.0134725 -0.848445 -0.0531439 0.526436
0000000882.000000 54.9146 -12.2452 115.534 -0.0134725 -0.848445 -0.0531439 0.526436
0000000883.000000 53.9057 -12.1515 115.031 -0.0134725 -0.848445 -0.0531439 0.526436
0000000884.000000 51.8722 -11.9621 114.014 -0.0134725 -0.848445 -0.0531439 0.526436
0000000885.000000 50.8438 -11.857 113.492 -0.0134725 -0.848445 -0.0531439 0.526436
0000000886.000000 49.8124 -11.7494 112.977 -0.0134725 -0.848445 -0.0531439 0.526436
0000000887.000000 48.7811 -11.6439 112.452 -0.0134725 -0.848445 -0.0531439 0.526436
0000000888.000000 47.7432 -11.537 111.927 -0.0134725 -0.848445 -0.0531439 0.526436
0000000889.000000 46.7033 -11.4326 111.402 -0.0134725 -0.848445 -0.0531439 0.526436
0000000890.000000 45.6582 -11.3315 110.878 -0.0134725 -0.848445 -0.0531439 0.526436
0000000891.000000 44.6126 -11.2272 110.353 -0.0134725 -0.848445 -0.0531439 0.526436
0000000892.000000 43.5599 -11.1182 109.822 -0.0134725 -0.848445 -0.0531439 0.526436
0000000893.000000 42.5021 -11.0097 109.292 -0.0134725 -0.848445 -0.0531439 0.526436
0000000894.000000 41.4544 -10.9012 108.76 -0.0134725 -0.848445 -0.0531439 0.526436
0000000895.000000 40.4014 -10.7928 108.23 -0.0134725 -0.848445 -0.0531439 0.526436
0000000896.000000 39.3486 -10.684 107.697 -0.0134725 -0.848445 -0.0531439 0.526436
0000000897.000000 38.291 -10.5792 107.164 -0.0134725 -0.848445 -0.0531439 0.526436
0000000898.000000 37.2349 -10.4715 106.628 -0.0134725 -0.848445 -0.0531439 0.526436
0000000899.000000 36.1789 -10.3663 106.096 -0.0134725 -0.848445 -0.0531439 0.526436
0000000900.000000 35.1301 -10.2664 105.562 -0.0134725 -0.848445 -0.0531439 0.526436
0000000901.000000 34.0936 -10.1711 105.035 -0.0134725 -0.848445 -0.0531439 0.526436
0000000902.000000 33.0621 -10.0724 104.509 -0.00955665 -0.849061 -0.0496797 0.525866
0000000903.000000 32.0244 -9.9787 103.981 -0.00955665 -0.849061 -0.0496797 0.525866
0000000904.000000 30.9826 -9.88553 103.453 -0.00955665 -0.849061 -0.0496797 0.525866
0000000905.000000 29.9392 -9.79733 102.929 -0.00955665 -0.849061 -0.0496797 0.525866
0000000906.000000 28.8987 -9.70994 102.406 -0.00955665 -0.849061 -0.0496797 0.525866
0000000907.000000 27.8628 -9.62724 101.894 -0.00955665 -0.849061 -0.0496797 0.525866
0000000908.000000 26.8291 -9.54479 101.38 -0.00955665 -0.849061 -0.0496797 0.525866
0000000909.000000 25.7946 -9.4592 100.868 -0.00955665 -0.849061 -0.0496797 0.525866
0000000910.000000 24.7602 -9.37416 100.353 -0.00955665 -0.849061 -0.0496797 0.525866
0000000911.000000 23.7267 -9.29402 99.8405 -0.00955665 -0.849061 -0.0496797 0.525866
0000000912.000000 22.7041 -9.21198 99.33 -0.00650296 -0.84926 -0.045362 0.525982
0000000913.000000 21.6813 -9.1349 98.8178 -0.00650296 -0.84926 -0.045362 0.525982
0000000914.000000 20.6449 -9.05836 98.2982 -0.00650296 -0.84926 -0.045362 0.525982
0000000915.000000 19.6172 -8.98036 97.7794 -0.00577278 -0.84881 -0.0506586 0.526233
0000000916.000000 18.5885 -8.89351 97.2664 -0.00674955 -0.84822 -0.0554897 0.526687
0000000917.000000 17.5563 -8.8016 96.7562 -0.00674955 -0.84822 -0.0554897 0.526687
0000000918.000000 16.5418 -8.71209 96.2537 -0.00674955 -0.84822 -0.0554897 0.526687
0000000919.000000 15.5337 -8.63019 95.7652 -0.00688833 -0.848464 -0.049845 0.526855
0000000920.000000 14.5334 -8.55405 95.2844 -0.00649459 -0.848919 -0.0404994 0.52693
0000000921.000000 13.5324 -8.48819 94.793 -0.00517301 -0.849084 -0.0361241 0.526996
0000000922.000000 12.5204 -8.42425 94.292 -0.00517301 -0.849084 -0.0361241 0.526996
0000000923.000000 11.5086 -8.36102 93.7888 -0.00875016 -0.848841 -0.0416684 0.526931
0000000924.000000 10.499 -8.29449 93.2891 -0.0105309 -0.848577 -0.0458031 0.52698
0000000925.000000 9.50074 -8.21847 92.7935 -0.0105309 -0.848577 -0.0458031 0.52698
0000000926.000000 8.50505 -8.14609 92.2973 -0.0105309 -0.848577 -0.0458031 0.52698
0000000927.000000 7.52073 -8.08018 91.8075 -0.0105309 -0.848577 -0.0458031 0.52698
0000000928.000000 6.54588 -8.01102 91.3188 -0.0105309 -0.848577 -0.0458031 0.52698
0000000929.000000 5.57283 -7.94305 90.8318 -0.0105309 -0.848577 -0.0458031 0.52698
0000000930.000000 4.60311 -7.8736 90.3485 -0.0105309 -0.848577 -0.0458031 0.52698
0000000931.000000 3.64078 -7.80394 89.8716 -0.0105309 -0.848577 -0.0458031 0.52698
0000000932.000000 2.67724 -7.72957 89.3931 -0.0105309 -0.848577 -0.0458031 0.52698
0000000933.000000 1.71978 -7.65393 88.9148 -0.0105309 -0.848577 -0.0458031 0.52698
0000000934.000000 0.761635 -7.57691 88.4321 -0.0128317 -0.847991 -0.0506949 0.527424
0000000935.000000 -0.186558 -7.49344 87.9529 -0.0141006 -0.847794 -0.0554949 0.527225
0000000936.000000 -1.11625 -7.4055 87.4815 -0.0141006 -0.847794 -0.0554949 0.527225
0000000937.000000 -2.03202 -7.32253 87.0139 -0.0141006 -0.847794 -0.0554949 0.527225
0000000938.000000 -2.93221 -7.24019 86.5566 -0.0141006 -0.847794 -0.0554949 0.527225
0000000939.000000 -3.82399 -7.15647 86.1117 -0.0128205 -0.84859 -0.0506768 0.526462
0000000940.000000 -4.70058 -7.08196 85.6738 -0.0128205 -0.84859 -0.0506768 0.526462
0000000941.000000 -5.57162 -7.00247 85.2381 -0.0128205 -0.84859 -0.0506768 0.526462
0000000942.000000 -6.43511 -6.92319 84.809 -0.0128205 -0.84859 -0.0506768 0.526462
0000000943.000000 -7.28046 -6.85235 84.39 -0.0128205 -0.84859 -0.0506768 0.526462
0000000944.000000 -8.10644 -6.78628 83.9799 -0.0128205 -0.84859 -0.0506768 0.526462
0000000945.000000 -8.90653 -6.72346 83.5826 -0.0128205 -0.84859 -0.0506768 0.526462
0000000946.000000 -9.69413 -6.65894 83.1936 -0.0128205 -0.84859 -0.0506768 0.526462
0000000947.000000 -10.4666 -6.59733 82.8065 -0.0128205 -0.84859 -0.0506768 0.526462
0000000948.000000 -11.2269 -6.5373 82.421 -0.0128205 -0.84859 -0.0506768 0.526462
0000000949.000000 -11.9717 -6.48036 82.0536 -0.0128205 -0.84859 -0.0506768 0.526462
0000000950.000000 -12.6957 -6.42338 81.6884 -0.0128205 -0.84859 -0.0506768 0.526462
0000000951.000000 -13.4012 -6.36885 81.3262 -0.0109791 -0.848826 -0.054737 0.525717
0000000952.000000 -14.0946 -6.3091 80.9719 -0.0109791 -0.848826 -0.054737 0.525717
0000000953.000000 -14.7686 -6.2677 80.6331 -0.0109791 -0.848826 -0.054737 0.525717
0000000954.000000 -15.4162 -6.2248 80.3061 -0.0109791 -0.848826 -0.054737 0.525717
0000000955.000000 -16.0407 -6.17999 79.9875 -0.0109791 -0.848826 -0.054737 0.525717
0000000956.000000 -16.6457 -6.1306 79.6874 -0.0109791 -0.848826 -0.054737 0.525717
0000000957.000000 -17.2317 -6.08287 79.3926 -0.0109791 -0.848826 -0.054737 0.525717
0000000958.000000 -17.8007 -6.0368 79.1061 -0.0109791 -0.848826 -0.054737 0.525717
0000000959.000000 -18.3423 -5.99523 78.8254 -0.0109791 -0.848826 -0.054737 0.525717
0000000960.000000 -18.8674 -5.95876 78.5598 -0.0109791 -0.848826 -0.054737 0.525717
0000000961.000000 -19.3763 -5.92183 78.3046 -0.0109791 -0.848826 -0.054737 0.525717
0000000962.000000 -19.8683 -5.88462 78.06 -0.0109791 -0.848826 -0.054737 0.525717
0000000963.000000 -20.3448 -5.84506 77.8306 -0.0109791 -0.848826 -0.054737 0.525717
0000000964.000000 -20.8031 -5.80885 77.6113 -0.00850854 -0.84616 -0.054262 0.530091
0000000965.000000 -21.2509 -5.7748 77.4041 -0.00662423 -0.842081 -0.0548864 0.53651
0000000966.000000 -21.6951 -5.74 77.2188 -0.0058214 -0.836874 -0.0557332 0.54452
0000000967.000000 -22.1224 -5.70487 77.0603 -0.00744423 -0.830282 -0.055171 0.554556
0000000968.000000 -22.5517 -5.67199 76.9327 -0.00964045 -0.822686 -0.0530809 0.565931
0000000969.000000 -22.9628 -5.64479 76.8137 -0.00912474 -0.813497 -0.0516624 0.579198
0000000970.000000 -23.3733 -5.61952 76.7074 -0.00814869 -0.802563 -0.0513726 0.594295
0000000971.000000 -23.8052 -5.59388 76.6277 -0.00789094 -0.790902 -0.0511377 0.609751
0000000972.000000 -24.2186 -5.56627 76.5719 -0.00959669 -0.778542 -0.0490355 0.625601
0000000973.000000 -24.6258 -5.53768 76.5402 -0.0110616 -0.765557 -0.0457985 0.64164
0000000974.000000 -25.0571 -5.51219 76.5306 -0.0126084 -0.751602 -0.0425413 0.658123
0000000975.000000 -25.4591 -5.48923 76.5294 -0.0129655 -0.736895 -0.0410569 0.674635
0000000976.000000 -25.8849 -5.47026 76.5469 -0.0129842 -0.721848 -0.0412188 0.690701
0000000977.000000 -26.2836 -5.44841 76.5861 -0.0146268 -0.706068 -0.0406232 0.706827
0000000978.000000 -26.6786 -5.423 76.6459 -0.0153026 -0.688723 -0.0405146 0.72373
0000000979.000000 -27.1106 -5.39522 76.7383 -0.0150998 -0.669447 -0.0391926 0.741671
0000000980.000000 -27.5108 -5.3728 76.849 -0.0149944 -0.649139 -0.0388645 0.759529
0000000981.000000 -27.9519 -5.35017 76.9931 -0.0152739 -0.628203 -0.0391827 0.776912
0000000982.000000 -28.3536 -5.33104 77.1509 -0.014496 -0.606108 -0.0401266 0.794238
0000000983.000000 -28.7533 -5.31198 77.3325 -0.0132335 -0.58307 -0.040586 0.811299
0000000984.000000 -29.1912 -5.28329 77.5537 -0.0102504 -0.559342 -0.0409257 0.827862
0000000985.000000 -29.5811 -5.26209 77.7937 -0.00679085 -0.535243 -0.0399599 0.843725
0000000986.000000 -29.9608 -5.2444 78.0631 -0.00346093 -0.511328 -0.0386206 0.85851
0000000987.000000 -30.3769 -5.2291 78.3609 -0.000456924 -0.487518 -0.0372934 0.872316
0000000988.000000 -30.7508 -5.21586 78.6906 0.00150064 -0.463729 -0.0367475 0.885213
0000000989.000000 -31.1581 -5.20299 79.0521 0.00257598 -0.439818 -0.0376195 0.897295
0000000990.000000 -31.522 -5.18807 79.4389 0.00271018 -0.416999 -0.0385244 0.908086
0000000991.000000 -31.8785 -5.17501 79.8447 0.00269374 -0.394745 -0.0375713 0.918018
0000000992.000000 -32.252 -5.16552 80.2811 0.0024023 -0.372956 -0.0359936 0.927148
0000000993.000000 -32.5953 -5.16333 80.7305 0.00219406 -0.3518 -0.0363464 0.935367
0000000994.000000 -32.9343 -5.16504 81.196 0.00416707 -0.332592 -0.0374252 0.942319
0000000995.000000 -33.2747 -5.16217 81.6911 0.00720078 -0.315402 -0.036394 0.948233
0000000996.000000 -33.5905 -5.16044 82.2066 0.00947358 -0.300292 -0.0337463 0.953203
0000000997.000000 -33.8992 -5.15955 82.7552 0.0104213 -0.287088 -0.0301254 0.957374
0000000998.000000 -34.2142 -5.16466 83.3186 0.0102679 -0.275457 -0.0272068 0.960873
0000000999.000000 -34.5257 -5.17554 83.9039 0.00932702 -0.265195 -0.0254561 0.963814
0000001000.000000 -34.84 -5.18845 84.501 0.00979735 -0.256483 -0.025355 0.966166
0000001001.000000 -35.1586 -5.1964 85.1243 0.00964265 -0.248931 -0.0242868 0.968169
0000001002.000000 -35.478 -5.20242 85.7691 0.00896103 -0.243018 -0.0233738 0.969699
0000001003.000000 -35.7995 -5.2117 86.4371 0.00727974 -0.238377 -0.021141 0.970915
0000001004.000000 -36.1288 -5.22342 87.1261 0.00727974 -0.238377 -0.021141 0.970915
0000001005.000000 -36.4754 -5.22977 87.8298 0.00727974 -0.238377 -0.021141 0.970915
0000001006.000000 -36.8254 -5.23902 88.5529 0.00953164 -0.234674 -0.0195244 0.971831
0000001007.000000 -37.5184 -5.27967 90.0358 0.0150106 -0.228 -0.014416 0.973439
0000001008.000000 -37.8746 -5.30703 90.806 0.0150106 -0.228 -0.014416 0.973439
0000001009.000000 -38.2385 -5.33391 91.5952 0.0150106 -0.228 -0.014416 0.973439
0000001010.000000 -38.623 -5.36035 92.4079 0.0150106 -0.228 -0.014416 0.973439
0000001011.000000 -39.0092 -5.38259 93.2416 0.0150106 -0.228 -0.014416 0.973439
0000001012.000000 -39.4044 -5.40647 94.0961 0.0104486 -0.227986 -0.0165224 0.973468
0000001013.000000 -39.8103 -5.42789 94.9644 0.0104486 -0.227986 -0.0165224 0.973468
0000001014.000000 -40.2146 -5.45348 95.8375 0.0104486 -0.227986 -0.0165224 0.973468
0000001015.000000 -40.6185 -5.47834 96.7162 0.0104486 -0.227986 -0.0165224 0.973468
0000001016.000000 -41.0235 -5.50091 97.6022 0.0104486 -0.227986 -0.0165224 0.973468
0000001017.000000 -41.4408 -5.52382 98.5004 0.0104486 -0.227986 -0.0165224 0.973468
0000001018.000000 -41.8586 -5.54895 99.4032 0.0104486 -0.227986 -0.0165224 0.973468
0000001019.000000 -42.2854 -5.57577 100.308 0.0104486 -0.227986 -0.0165224 0.973468
0000001020.000000 -42.7168 -5.59963 101.21 0.0104486 -0.227986 -0.0165224 0.973468
0000001021.000000 -43.1522 -5.62649 102.119 0.0104486 -0.227986 -0.0165224 0.973468
0000001022.000000 -43.5857 -5.65604 103.033 0.0104486 -0.227986 -0.0165224 0.973468
0000001023.000000 -44.0119 -5.68587 103.941 0.0104486 -0.227986 -0.0165224 0.973468
0000001024.000000 -44.436 -5.71287 104.85 0.0104486 -0.227986 -0.0165224 0.973468
0000001025.000000 -44.8605 -5.73572 105.764 0.0104486 -0.227986 -0.0165224 0.973468
0000001026.000000 -45.2861 -5.76086 106.68 0.0104486 -0.227986 -0.0165224 0.973468
0000001027.000000 -45.7268 -5.78688 107.578 0.0104486 -0.227986 -0.0165224 0.973468
0000001028.000000 -46.1655 -5.81872 108.474 0.0104486 -0.227986 -0.0165224 0.973468
0000001029.000000 -46.6191 -5.85552 109.348 0.0104486 -0.227986 -0.0165224 0.973468
0000001030.000000 -47.0657 -5.88731 110.22 0.0104486 -0.227986 -0.0165224 0.973468
0000001031.000000 -47.5075 -5.9196 111.088 0.0104486 -0.227986 -0.0165224 0.973468
0000001032.000000 -47.9337 -5.95093 111.967 0.0104486 -0.227986 -0.0165224 0.973468
0000001033.000000 -48.3605 -5.97965 112.842 0.0104486 -0.227986 -0.0165224 0.973468
0000001034.000000 -48.8014 -6.00314 113.722 0.0104486 -0.227986 -0.0165224 0.973468
0000001035.000000 -49.2332 -6.03341 114.607 0.00583149 -0.227354 -0.0157668 0.973667
0000001036.000000 -49.6643 -6.05833 115.483 0.00583149 -0.227354 -0.0157668 0.973667
0000001037.000000 -50.09 -6.08005 116.35 0.00583149 -0.227354 -0.0157668 0.973667
0000001038.000000 -50.5075 -6.10272 117.215 0.00583149 -0.227354 -0.0157668 0.973667
0000001039.000000 -50.9204 -6.12617 118.082 0.00583149 -0.227354 -0.0157668 0.973667
0000001040.000000 -51.3433 -6.15254 118.941 0.00583149 -0.227354 -0.0157668 0.973667
0000001041.000000 -51.7631 -6.17385 119.797 0.00583149 -0.227354 -0.0157668 0.973667
0000001042.000000 -52.605 -6.21471 121.498 0.00113759 -0.228853 -0.0149492 0.973346
0000001043.000000 -53.0252 -6.23066 122.34 0.00113759 -0.228853 -0.0149492 0.973346
0000001044.000000 -53.4347 -6.23724 123.189 0.00113759 -0.228853 -0.0149492 0.973346
0000001045.000000 -53.8454 -6.24764 124.024 0.00113759 -0.228853 -0.0149492 0.973346
0000001046.000000 -54.2439 -6.26094 124.864 0.00113759 -0.228853 -0.0149492 0.973346
0000001047.000000 -54.6314 -6.2694 125.689 0.00113759 -0.228853 -0.0149492 0.973346
0000001048.000000 -55.0084 -6.27562 126.501 0.00113759 -0.228853 -0.0149492 0.973346
0000001049.000000 -55.3816 -6.29237 127.283 0.00113759 -0.228853 -0.0149492 0.973346
0000001050.000000 -55.7442 -6.30207 128.057 0.00113759 -0.228853 -0.0149492 0.973346
0000001051.000000 -56.0984 -6.31446 128.806 0.00113759 -0.228853 -0.0149492 0.973346
0000001052.000000 -56.4406 -6.31745 129.547 0.00113759 -0.228853 -0.0149492 0.973346
0000001053.000000 -56.7799 -6.32595 130.246 0.00113759 -0.228853 -0.0149492 0.973346
0000001054.000000 -57.1211 -6.34296 130.91 0.00113759 -0.228853 -0.0149492 0.973346
0000001055.000000 -57.4488 -6.36008 131.55 0.00113759 -0.228853 -0.0149492 0.973346
0000001056.000000 -57.7566 -6.37212 132.169 0.00113759 -0.228853 -0.0149492 0.973346
0000001057.000000 -58.0533 -6.38107 132.762 0.00113759 -0.228853 -0.0149492 0.973346
0000001058.000000 -58.3408 -6.39164 133.327 0.00113759 -0.228853 -0.0149492 0.973346
0000001059.000000 -58.6189 -6.40313 133.873 0.00113759 -0.228853 -0.0149492 0.973346
0000001060.000000 -58.8702 -6.41616 134.37 0.00113759 -0.228853 -0.0149492 0.973346
0000001061.000000 -59.1221 -6.43208 134.835 0.00113759 -0.228853 -0.0149492 0.973346
0000001062.000000 -59.3513 -6.44403 135.292 0.00113759 -0.228853 -0.0149492 0.973346
0000001063.000000 -59.5726 -6.45801 135.725 0.00113759 -0.228853 -0.0149492 0.973346
0000001064.000000 -59.7798 -6.46998 136.151 0.00165083 -0.224012 -0.0150511 0.974469
0000001065.000000 -59.9852 -6.48041 136.569 0.00204421 -0.217472 -0.0168336 0.975919
0000001066.000000 -60.1704 -6.49061 136.989 0.00281937 -0.209265 -0.0185177 0.97768
0000001067.000000 -60.3371 -6.50393 137.419 0.00353111 -0.199399 -0.0195475 0.979717
0000001068.000000 -60.6238 -6.53615 138.297 0.00404456 -0.174606 -0.0184716 0.984457
0000001069.000000 -60.7482 -6.54683 138.743 0.00524647 -0.159526 -0.0177191 0.987021
0000001070.000000 -60.8456 -6.55766 139.176 0.00742084 -0.143064 -0.0184499 0.989514
0000001071.000000 -60.9235 -6.57211 139.618 0.00963446 -0.124812 -0.0194665 0.991943
0000001072.000000 -61.0026 -6.5872 140.059 0.0114345 -0.105137 -0.0210005 0.99417
0000001073.000000 -61.0304 -6.59655 140.513 0.0124821 -0.0842554 -0.0226874 0.996108
0000001074.000000 -61.0444 -6.60255 140.966 0.0138008 -0.0624932 -0.0236814 0.997669
0000001075.000000 -61.0612 -6.60411 141.412 0.0164931 -0.0401334 -0.0246311 0.998755
0000001076.000000 -61.043 -6.61813 141.852 0.020255 -0.0168053 -0.0277534 0.999268
0000001077.000000 -61.029 -6.63441 142.295 0.0225882 0.00705453 -0.0284324 0.999316
0000001078.000000 -60.9467 -6.65833 142.75 0.0225177 0.0309753 -0.0263566 0.998919
0000001079.000000 -60.8345 -6.68234 143.213 0.0220992 0.0552541 -0.0233655 0.997954
0000001080.000000 -60.7325 -6.70788 143.679 0.0210545 0.0803956 -0.0230369 0.996274
0000001081.000000 -60.5805 -6.73758 144.15 0.0199911 0.105837 -0.0229504 0.993918
0000001082.000000 -60.4005 -6.7711 144.615 0.0199886 0.131406 -0.0229574 0.990861
0000001083.000000 -60.2283 -6.80275 145.07 0.0211319 0.157344 -0.0222957 0.987066
0000001084.000000 -60.0026 -6.83597 145.519 0.0229924 0.18401 -0.0235314 0.982374
0000001085.000000 -59.7544 -6.87349 145.957 0.0263965 0.210061 -0.0243512 0.977029
0000001086.000000 -59.4865 -6.94161 146.411 0.0309648 0.23544 -0.0262796 0.97104
0000001087.000000 -59.1606 -7.00618 146.843 0.0344928 0.26 -0.0227546 0.964724
0000001088.000000 -58.8324 -7.06725 147.258 0.0379751 0.283666 -0.0164748 0.958029
0000001089.000000 -58.4678 -7.13194 147.662 0.0398799 0.305572 -0.0119455 0.951258
0000001090.000000 -58.1026 -7.19533 148.058 0.0402702 0.32614 -0.010015 0.94441
0000001091.000000 -57.7531 -7.26055 148.445 0.0388661 0.346168 -0.0108146 0.937305
0000001092.000000 -57.3924 -7.31554 148.804 0.0386801 0.365395 -0.0103729 0.929991
0000001093.000000 -57.0121 -7.36817 149.142 0.0395899 0.383526 -0.00740589 0.922652
0000001094.000000 -56.6287 -7.41729 149.465 0.0408736 0.400646 -0.0039802 0.915312
0000001095.000000 -56.2286 -7.47118 149.782 0.0415324 0.416827 -0.0038669 0.908028
0000001096.000000 -55.8173 -7.5252 150.094 0.0423424 0.432013 -0.00575697 0.900854
0000001097.000000 -48.85 -8.31091 154.036 0.0519707 0.495167 0.0132425 0.867141
0000001098.000000 -44.6725 -8.60075 158.311 0.0373415 0.270287 -0.0303744 0.961576
0000001099.000000 -44.6193 -8.57437 164.474 0.00900805 -0.128927 -0.0453032 0.990578
0000001100.000000 -48.0939 -8.54408 171.368 0.0141807 -0.232441 -0.053249 0.971048
0000001101.000000 -52.5664 -8.57703 180.189 0.0114894 -0.234503 -0.0432115 0.971087
0000001102.000000 -58.3477 -8.66703 191.023 0.0126277 -0.241826 -0.0450229 0.969192
0000001103.000000 -65.5156 -8.72978 204.232 0.0105948 -0.248719 -0.0437089 0.967531
0000001104.000000 -71.3579 -8.9879 214.343 0.00968862 -0.250923 -0.0627891 0.96592
0000001105.000000 -75.4962 -9.16576 221.648 0.00649673 -0.240181 -0.0640106 0.968594
0000001106.000000 -77.2435 -9.31477 225.594 0.0221037 -0.178647 -0.0521001 0.982284
0000001107.000000 -77.6182 -9.43586 228.478 0.0294024 -0.0278834 -0.0373717 0.99848
0000001108.000000 -75.7403 -9.80652 232.891 0.0363072 0.308127 -0.0235634 0.95036
0000001109.000000 -69.3685 -10.4678 236.982 0.0478746 0.524834 -0.00179202 0.849856
0000001110.000000 -58.7657 -11.5148 242.316 0.0440656 0.52148 -0.00113088 0.852124
0000001111.000000 -45.4261 -12.7751 249.074 0.0497441 0.51837 0.00157676 0.853707
0000001112.000000 -32.2534 -14.1576 255.911 0.0497441 0.51837 0.00157676 0.853707
0000001113.000000 -18.8356 -15.5878 262.875 0.041609 0.520236 -0.007676 0.852974
0000001114.000000 -3.03212 -17.1253 271.007 0.0374565 0.5187 -0.00396428 0.854126
0000001115.000000 10.057 -18.3897 277.792 0.0437462 0.514954 0.0101191 0.856041
0000001116.000000 21.3891 -19.5733 283.793 0.0455826 0.519786 0.00917882 0.85303
0000001117.000000 30.2692 -20.4555 288.241 0.0451427 0.528277 0.00989797 0.847814
0000001118.000000 36.1129 -21.1313 292.23 0.0348939 0.36945 0.00151286 0.928594
0000001119.000000 37.0531 -21.5115 298.501 0.0170306 -0.119749 -0.00890265 0.992618
0000001120.000000 33.1976 -21.642 304.621 0.012455 -0.297908 -0.030503 0.954026
0000001121.000000 27.899 -21.8704 312.755 0.0150394 -0.261852 -0.0437356 0.963999
0000001122.000000 22.0088 -22.0376 323.259 0.013488 -0.24529 -0.0430769 0.968398
0000001123.000000 15.8237 -22.2951 334.785 0.013488 -0.24529 -0.0430769 0.968398
0000001124.000000 9.72434 -22.5878 346.153 0.0132919 -0.23783 -0.0455632 0.970146
0000001125.000000 4.62804 -22.8954 356.608 0.011919 -0.22352 -0.0368509 0.973929
0000001126.000000 -0.88939 -23.1939 366.501 0.0197752 -0.274352 -0.0387617 0.960644
0000001127.000000 -7.38496 -23.4326 377.626 0.018399 -0.248439 -0.0462584 0.967367
0000001128.000000 -14.1434 -23.8781 391.132 0.0147946 -0.219939 -0.0432488 0.974442
0000001129.000000 -20.4299 -24.3335 403.639 0.0130917 -0.243391 -0.0379667 0.969097
0000001130.000000 -26.9738 -24.6082 415.627 0.010728 -0.25432 -0.0399516 0.966235
0000001131.000000 -34 -24.9076 427.94 0.0115364 -0.258467 -0.0341089 0.965349
0000001132.000000 -40.7068 -25.3442 440.225 0.00972359 -0.238099 -0.0301539 0.970724
0000001133.000000 -46.6533 -25.6939 452.215 0.00984944 -0.218915 -0.0407333 0.974844
0000001134.000000 -52.6997 -26.0444 465.62 0.00812069 -0.204846 -0.0372774 0.97805
0000001135.000000 -57.1708 -26.4392 477.001 0.00821504 -0.179183 -0.0323373 0.98325
0000001136.000000 -60.06 -26.8153 486.045 0.0149293 -0.119705 -0.0287321 0.992281
0000001137.000000 -61.2985 -27.1811 492.465 0.00874013 -0.111894 -0.0116234 0.993614
0000001138.000000 -63.459 -27.4207 497.756 0.0108725 -0.224448 -0.0292979 0.973985
0000001139.000000 -65.6918 -27.5781 502.85 0.00968119 -0.177436 -0.0447406 0.983067
0000001140.000000 -67.0557 -27.7437 507.133 0.0159054 -0.169498 -0.0361521 0.984739
0000001141.000000 -70.44 -27.7523 511.078 0.00871335 -0.445447 -0.0398775 0.894378
0000001142.000000 -77.8873 -27.3176 512.287 -0.0195392 -0.735825 -0.042657 0.675544
0000001143.000000 -87.5805 -26.5059 509.564 -0.0236905 -0.820429 -0.0346981 0.570203
0000001144.000000 -99.6932 -25.5022 505.104 -0.0268791 -0.824637 -0.0370451 0.563808
0000001145.000000 -113.978 -24.2638 499.31 -0.028775 -0.836728 -0.043177 0.545156
0000001146.000000 -126.603 -23.0676 493.345 -0.0363612 -0.853861 -0.0384768 0.517802
0000001147.000000 -140.588 -21.7089 485.641 0.0424444 0.867721 0.0327326 -0.494153
0000001148.000000 -153.494 -20.4614 477.598 0.0381806 0.87877 0.0355226 -0.474388
