0000000001.000000 179.376 -21.4341 130.127 0.037604 0.890299 0.0548666 -0.450492
0000000002.000000 179.376 -21.4341 130.127 0.037604 0.890299 0.0548666 -0.450492
0000000003.000000 165.342 -19.6375 118.579 0.0288681 0.899853 0.0489565 -0.432475
0000000004.000000 164.639 -19.5468 117.999 0.0288681 0.899853 0.0489565 -0.432475
0000000005.000000 163.934 -19.4556 117.418 0.0288681 0.899853 0.0489565 -0.432475
0000000006.000000 163.219 -19.3612 116.832 0.0288681 0.899853 0.0489565 -0.432475
0000000007.000000 162.5 -19.2693 116.24 0.0288681 0.899853 0.0489565 -0.432475
0000000008.000000 161.779 -19.1817 115.648 0.0288681 0.899853 0.0489565 -0.432475
0000000009.000000 161.05 -19.0921 115.054 0.0288681 0.899853 0.0489565 -0.432475
0000000010.000000 160.32 -19.0013 114.458 0.0288681 0.899853 0.0489565 -0.432475
0000000011.000000 159.589 -18.9113 113.859 0.0288681 0.899853 0.0489565 -0.432475
0000000012.000000 158.855 -18.8206 113.257 0.0288681 0.899853 0.0489565 -0.432475
0000000013.000000 158.116 -18.7255 112.653 0.0288681 0.899853 0.0489565 -0.432475
0000000014.000000 157.368 -18.6275 112.043 0.0288681 0.899853 0.0489565 -0.432475
0000000015.000000 156.616 -18.5278 111.427 0.0288681 0.899853 0.0489565 -0.432475
0000000016.000000 155.86 -18.4321 110.809 0.0288681 0.899853 0.0489565 -0.432475
0000000017.000000 155.099 -18.3369 110.198 0.0288681 0.899853 0.0489565 -0.432475
0000000018.000000 154.342 -18.2402 109.582 0.0288681 0.899853 0.0489565 -0.432475
0000000019.000000 153.585 -18.1438 108.959 0.0288681 0.899853 0.0489565 -0.432475
0000000020.000000 152.807 -18.0531 108.316 0.0288681 0.899853 0.0489565 -0.432475
0000000021.000000 151.991 -17.9776 107.643 0.0288681 0.899853 0.0489565 -0.432475
0000000022.000000 151.19 -17.8972 106.977 0.0288681 0.899853 0.0489565 -0.432475
0000000023.000000 150.385 -17.8196 106.312 0.0288681 0.899853 0.0489565 -0.432475
0000000024.000000 149.588 -17.7335 105.657 0.0288681 0.899853 0.0489565 -0.432475
0000000025.000000 148.789 -17.6492 105 0.0288681 0.899853 0.0489565 -0.432475
0000000026.000000 147.221 -17.4716 103.692 0.0288681 0.899853 0.0489565 -0.432475
0000000027.000000 146.443 -17.3814 103.05 0.0288681 0.899853 0.0489565 -0.432475
0000000028.000000 145.671 -17.2945 102.407 0.0288681 0.899853 0.0489565 -0.432475
0000000029.000000 144.899 -17.209 101.772 0.0288681 0.899853 0.0489565 -0.432475
0000000030.000000 144.127 -17.1203 101.14 0.0288681 0.899853 0.0489565 -0.432475
0000000031.000000 143.36 -17.036 100.508 0.0288681 0.899853 0.0489565 -0.432475
0000000032.000000 142.603 -16.9524 99.8769 0.0288681 0.899853 0.0489565 -0.432475
0000000033.000000 141.851 -16.8661 99.2527 0.0288681 0.899853 0.0489565 -0.432475
0000000034.000000 141.094 -16.7723 98.6301 0.0288681 0.899853 0.0489565 -0.432475
0000000035.000000 140.336 -16.684 98.0098 0.0288681 0.899853 0.0489565 -0.432475
0000000036.000000 139.581 -16.594 97.3933 0.0288681 0.899853 0.0489565 -0.432475
0000000037.000000 138.831 -16.5067 96.7799 0.0288681 0.899853 0.0489565 -0.432475
0000000038.000000 138.085 -16.4182 96.1732 0.0288681 0.899853 0.0489565 -0.432475
0000000039.000000 137.337 -16.3286 95.5696 0.0288681 0.899853 0.0489565 -0.432475
0000000040.000000 136.595 -16.2371 94.9656 0.0288681 0.899853 0.0489565 -0.432475
0000000041.000000 135.849 -16.1431 94.3618 0.0288681 0.899853 0.0489565 -0.432475
0000000042.000000 135.107 -16.0474 93.7537 0.0288681 0.899853 0.0489565 -0.432475
0000000043.000000 134.375 -15.9589 93.1474 0.0288681 0.899853 0.0489565 -0.432475
0000000044.000000 133.649 -15.8764 92.5509 0.0288681 0.899853 0.0489565 -0.432475
0000000045.000000 132.931 -15.7948 91.9691 0.0288681 0.899853 0.0489565 -0.432475
0000000046.000000 132.221 -15.7107 91.3949 0.0288681 0.899853 0.0489565 -0.432475
0000000047.000000 131.52 -15.6234 90.8153 0.0288681 0.899853 0.0489565 -0.432475
0000000048.000000 130.142 -15.4646 89.687 0.0288681 0.899853 0.0489565 -0.432475
0000000049.000000 129.469 -15.3869 89.1391 0.0288681 0.899853 0.0489565 -0.432475
0000000050.000000 128.807 -15.3092 88.5977 0.0288681 0.899853 0.0489565 -0.432475
0000000051.000000 128.154 -15.2356 88.0646 0.0288681 0.899853 0.0489565 -0.432475
0000000052.000000 127.511 -15.1624 87.5423 0.0288681 0.899853 0.0489565 -0.432475
0000000053.000000 126.877 -15.0889 87.0286 0.0288681 0.899853 0.0489565 -0.432475
0000000054.000000 126.254 -15.017 86.52 0.0288681 0.899853 0.0489565 -0.432475
0000000055.000000 125.639 -14.9453 86.0177 0.0288681 0.899853 0.0489565 -0.432475
0000000056.000000 125.034 -14.8835 85.5298 0.0288681 0.899853 0.0489565 -0.432475
0000000057.000000 124.451 -14.8265 85.0512 0.0288681 0.899853 0.0489565 -0.432475
0000000058.000000 123.883 -14.7706 84.5895 0.0288681 0.899853 0.0489565 -0.432475
0000000059.000000 123.33 -14.7069 84.1399 0.0288681 0.899853 0.0489565 -0.432475
0000000060.000000 122.791 -14.6448 83.7003 0.0288681 0.899853 0.0489565 -0.432475
0000000061.000000 122.267 -14.5878 83.2701 0.0288681 0.899853 0.0489565 -0.432475
0000000062.000000 121.757 -14.5404 82.8548 0.0288681 0.899853 0.0489565 -0.432475
0000000063.000000 120.78 -14.4466 82.0837 0.0318226 0.900189 0.0430562 -0.432196
0000000064.000000 120.313 -14.4046 81.7147 0.0318226 0.900189 0.0430562 -0.432196
0000000065.000000 119.859 -14.359 81.3484 0.0318226 0.900189 0.0430562 -0.432196
0000000066.000000 119.418 -14.315 80.9869 0.0318226 0.900189 0.0430562 -0.432196
0000000067.000000 118.982 -14.271 80.6423 0.0318226 0.900189 0.0430562 -0.432196
0000000068.000000 118.549 -14.2311 80.315 0.0318226 0.900189 0.0430562 -0.432196
0000000069.000000 118.127 -14.195 79.9939 0.0346748 0.89833 0.0441792 -0.435716
0000000070.000000 117.721 -14.157 79.6829 0.0330165 0.896101 0.0446704 -0.440361
0000000071.000000 117.325 -14.1188 79.3764 0.0301189 0.892891 0.0460144 -0.446903
0000000072.000000 116.933 -14.0806 79.0883 0.0275935 0.888927 0.0477509 -0.454717
0000000073.000000 116.538 -14.0407 78.8291 0.0278711 0.883937 0.0480172 -0.464299
0000000074.000000 116.144 -14.004 78.5927 0.0291855 0.877899 0.0480316 -0.475537
0000000075.000000 115.748 -13.9669 78.372 0.0295232 0.870855 0.0489047 -0.488209
0000000076.000000 115.349 -13.9292 78.1664 -0.0293269 -0.862751 -0.0500488 0.502291
0000000077.000000 114.953 -13.8915 77.9845 -0.0287578 -0.853416 -0.0509817 0.517934
0000000078.000000 114.548 -13.8516 77.8198 -0.0277403 -0.84256 -0.0516592 0.535401
0000000079.000000 114.141 -13.8147 77.6806 -0.0268164 -0.830282 -0.0523091 0.554235
0000000080.000000 113.744 -13.7837 77.5716 -0.0245048 -0.816582 -0.0528909 0.574279
0000000081.000000 113.337 -13.752 77.4868 -0.0223945 -0.800827 -0.0526526 0.596156
0000000082.000000 112.945 -13.7196 77.4375 -0.02069 -0.783385 -0.0525391 0.618967
0000000083.000000 112.544 -13.6842 77.4108 -0.0187212 -0.764292 -0.0526216 0.642447
0000000084.000000 112.148 -13.6508 77.4121 -0.016801 -0.743706 -0.0523401 0.666243
0000000085.000000 111.773 -13.6226 77.4533 -0.0157454 -0.721866 -0.0512743 0.689951
0000000086.000000 111.391 -13.599 77.5088 -0.0143119 -0.699337 -0.0511777 0.712814
0000000087.000000 111.028 -13.5771 77.5955 -0.0136296 -0.67623 -0.0517193 0.734747
0000000088.000000 110.655 -13.5508 77.6991 -0.0125105 -0.652654 -0.0534632 0.755664
0000000089.000000 110.294 -13.5257 77.8256 -0.0115295 -0.628839 -0.0538358 0.775584
0000000090.000000 109.955 -13.5036 77.9867 -0.0105277 -0.605004 -0.0526193 0.794412
0000000091.000000 109.617 -13.4839 78.1602 -0.0105455 -0.581723 -0.0501572 0.811771
0000000092.000000 109.297 -13.4698 78.3487 -0.00844042 -0.559004 -0.0506786 0.827572
0000000093.000000 108.971 -13.4529 78.5428 -0.00553593 -0.536369 -0.0526534 0.842321
0000000094.000000 108.655 -13.4378 78.7552 -0.00333413 -0.514987 -0.0528648 0.85556
0000000095.000000 108.362 -13.4242 78.9918 -0.00328835 -0.495096 -0.0500808 0.867387
0000000096.000000 108.073 -13.4079 79.2502 -0.00704461 -0.476756 -0.0439985 0.877906
0000000097.000000 107.785 -13.3938 79.5071 -0.0083437 -0.46035 -0.0421841 0.886696
0000000098.000000 107.496 -13.3835 79.7623 -0.00590667 -0.445195 -0.0425258 0.894404
0000000099.000000 107.199 -13.3802 80.0121 -0.000630671 -0.43098 -0.0468379 0.901145
0000000100.000000 106.909 -13.381 80.2785 0.00270289 -0.417842 -0.048885 0.9072
0000000101.000000 106.627 -13.3791 80.568 0.00413447 -0.406053 -0.0480206 0.912578
0000000102.000000 106.351 -13.3747 80.8735 0.00439472 -0.395218 -0.0447385 0.917487
0000000103.000000 106.078 -13.3571 81.1968 0.00674911 -0.386081 -0.0393383 0.921601
0000000104.000000 105.797 -13.3418 81.5218 0.0106592 -0.377164 -0.0367334 0.925356
0000000105.000000 105.498 -13.3381 81.8589 0.011943 -0.368946 -0.0378398 0.928604
0000000106.000000 105.192 -13.3433 82.2135 0.0102822 -0.361599 -0.040168 0.931411
0000000107.000000 104.892 -13.3495 82.5823 0.00886426 -0.354644 -0.0408287 0.934067
0000000108.000000 104.592 -13.3536 82.9665 0.00779786 -0.348287 -0.0401204 0.936497
0000000109.000000 104.291 -13.3546 83.364 0.00706774 -0.342678 -0.0384411 0.938639
0000000110.000000 103.983 -13.3568 83.7767 0.00714145 -0.337817 -0.0367538 0.940467
0000000111.000000 103.666 -13.3595 84.2024 0.00714145 -0.337817 -0.0367538 0.940467
0000000112.000000 103.338 -13.3601 84.6388 0.00714145 -0.337817 -0.0367538 0.940467
0000000113.000000 102.996 -13.3581 85.0877 0.00714145 -0.337817 -0.0367538 0.940467
0000000114.000000 102.275 -13.3517 86.0317 0.00741001 -0.332664 -0.0352802 0.942356
0000000115.000000 101.907 -13.3494 86.5299 0.00741001 -0.332664 -0.0352802 0.942356
0000000116.000000 101.523 -13.348 87.0416 0.00741001 -0.332664 -0.0352802 0.942356
0000000117.000000 101.133 -13.3464 87.5677 0.00741001 -0.332664 -0.0352802 0.942356
0000000118.000000 100.73 -13.3448 88.1084 0.00741001 -0.332664 -0.0352802 0.942356
0000000119.000000 100.322 -13.3424 88.6605 0.00741001 -0.332664 -0.0352802 0.942356
0000000120.000000 99.8951 -13.3402 89.2246 0.00741001 -0.332664 -0.0352802 0.942356
0000000121.000000 99.456 -13.3387 89.7995 0.00741001 -0.332664 -0.0352802 0.942356
0000000122.000000 99.0074 -13.3373 90.3872 0.00741001 -0.332664 -0.0352802 0.942356
0000000123.000000 98.5406 -13.3388 90.9863 0.00741001 -0.332664 -0.0352802 0.942356
0000000124.000000 98.0647 -13.3417 91.5942 0.00741001 -0.332664 -0.0352802 0.942356
0000000125.000000 97.5746 -13.3426 92.2115 0.00741001 -0.332664 -0.0352802 0.942356
0000000126.000000 97.0812 -13.3446 92.8355 0.00741001 -0.332664 -0.0352802 0.942356
0000000127.000000 96.5809 -13.3497 93.4643 0.00741001 -0.332664 -0.0352802 0.942356
0000000128.000000 96.0789 -13.3576 94.0942 0.00741001 -0.332664 -0.0352802 0.942356
0000000129.000000 95.5721 -13.3635 94.7269 0.00741001 -0.332664 -0.0352802 0.942356
0000000130.000000 95.0676 -13.3643 95.3681 0.00741001 -0.332664 -0.0352802 0.942356
0000000131.000000 94.5598 -13.3705 96.0118 0.00741001 -0.332664 -0.0352802 0.942356
0000000132.000000 94.051 -13.3793 96.6554 0.00741001 -0.332664 -0.0352802 0.942356
0000000133.000000 93.5471 -13.3888 97.3012 0.00741001 -0.332664 -0.0352802 0.942356
0000000134.000000 93.042 -13.3994 97.9463 0.00741001 -0.332664 -0.0352802 0.942356
0000000135.000000 92.5397 -13.4146 98.5911 0.00741001 -0.332664 -0.0352802 0.942356
0000000136.000000 92.0363 -13.426 99.2308 0.00741001 -0.332664 -0.0352802 0.942356
0000000137.000000 91.5347 -13.4364 99.8702 0.00741001 -0.332664 -0.0352802 0.942356
0000000138.000000 91.032 -13.4461 100.51 0.00741001 -0.332664 -0.0352802 0.942356
0000000139.000000 90.5325 -13.4562 101.15 0.00741001 -0.332664 -0.0352802 0.942356
0000000140.000000 90.0318 -13.4684 101.791 0.00741001 -0.332664 -0.0352802 0.942356
0000000141.000000 89.5342 -13.4815 102.434 0.00741001 -0.332664 -0.0352802 0.942356
0000000142.000000 89.0434 -13.4958 103.076 0.00741001 -0.332664 -0.0352802 0.942356
0000000143.000000 88.5567 -13.5083 103.714 0.00741001 -0.332664 -0.0352802 0.942356
0000000144.000000 88.0747 -13.5199 104.354 0.00790102 -0.327912 -0.0349332 0.944029
0000000145.000000 87.6005 -13.533 104.996 0.00751772 -0.323043 -0.0345888 0.945722
0000000146.000000 87.1345 -13.5467 105.638 0.00718642 -0.31789 -0.0353594 0.947441
0000000147.000000 86.679 -13.5572 106.286 0.00687444 -0.312569 -0.0348611 0.94923
0000000148.000000 86.2336 -13.5688 106.935 0.00704301 -0.307271 -0.0347169 0.950963
0000000149.000000 85.798 -13.5819 107.583 0.00753789 -0.301988 -0.0345721 0.952655
0000000150.000000 85.3713 -13.5951 108.231 0.00833801 -0.29687 -0.0345738 0.954255
0000000151.000000 84.5508 -13.6231 109.524 0.00930775 -0.287356 -0.0335831 0.95719
0000000152.000000 84.1576 -13.64 110.169 0.00959273 -0.282729 -0.0332385 0.958576
0000000153.000000 83.7719 -13.6556 110.809 0.0097306 -0.278137 -0.0329756 0.959926
0000000154.000000 83.3982 -13.6732 111.448 0.0097306 -0.278137 -0.0329756 0.959926
0000000155.000000 83.0274 -13.6906 112.08 0.0097306 -0.278137 -0.0329756 0.959926
0000000156.000000 82.6604 -13.7107 112.703 0.0097306 -0.278137 -0.0329756 0.959926
0000000157.000000 82.2952 -13.7275 113.322 0.0097306 -0.278137 -0.0329756 0.959926
0000000158.000000 81.9332 -13.7442 113.928 0.0097306 -0.278137 -0.0329756 0.959926
0000000159.000000 81.5768 -13.7616 114.52 0.0097306 -0.278137 -0.0329756 0.959926
0000000160.000000 81.2261 -13.7786 115.099 0.0097306 -0.278137 -0.0329756 0.959926
0000000161.000000 80.8848 -13.7954 115.664 0.0097306 -0.278137 -0.0329756 0.959926
0000000162.000000 80.5502 -13.8111 116.213 0.0097306 -0.278137 -0.0329756 0.959926
0000000163.000000 80.2208 -13.8259 116.743 0.0097306 -0.278137 -0.0329756 0.959926
0000000164.000000 79.8974 -13.8401 117.255 0.0097306 -0.278137 -0.0329756 0.959926
0000000165.000000 79.5809 -13.8546 117.746 0.00981379 -0.283395 -0.0334106 0.958371
0000000166.000000 79.268 -13.8686 118.216 0.00967745 -0.289873 -0.0335984 0.956426
0000000167.000000 78.9557 -13.8808 118.661 0.0101371 -0.29778 -0.0339663 0.953976
0000000168.000000 78.6317 -13.8961 119.087 0.0112205 -0.307703 -0.0341775 0.950802
0000000169.000000 78.3007 -13.9101 119.499 0.0124916 -0.319158 -0.034546 0.946989
0000000170.000000 77.9654 -13.921 119.901 0.0130412 -0.332251 -0.0350911 0.942448
0000000171.000000 77.6106 -13.9298 120.288 0.0124936 -0.347613 -0.0358471 0.936869
0000000172.000000 77.2423 -13.9364 120.658 0.010728 -0.365067 -0.0366346 0.930198
0000000173.000000 76.868 -13.943 121.011 0.00847722 -0.384215 -0.0380147 0.922422
0000000174.000000 76.4699 -13.945 121.336 0.00568658 -0.404689 -0.040092 0.913558
0000000175.000000 76.0536 -13.9453 121.642 0.00355835 -0.426638 -0.0426576 0.903409
0000000176.000000 75.64 -13.9453 121.918 0.0020594 -0.449902 -0.0447107 0.891956
0000000177.000000 75.2048 -13.9364 122.162 0.000757891 -0.474851 -0.0452115 0.878904
0000000178.000000 74.7608 -13.9265 122.379 -0.0006134 -0.5015 -0.0435152 0.864063
0000000179.000000 74.3337 -13.9166 122.564 -0.00068516 -0.529248 -0.0417997 0.847437
0000000180.000000 73.8765 -13.9037 122.71 -0.000533715 -0.557326 -0.0392565 0.829365
0000000181.000000 73.4351 -13.887 122.823 0.000273197 -0.585212 -0.0391285 0.809936
0000000182.000000 72.9635 -13.8673 122.895 0.00058822 -0.612552 -0.0392326 0.789456
0000000183.000000 72.4897 -13.8466 122.937 -0.000202289 -0.639268 -0.0384931 0.76802
0000000184.000000 72.038 -13.8286 122.956 -0.00228116 -0.664931 -0.0379704 0.745935
0000000185.000000 71.5615 -13.807 122.935 -0.00553599 -0.68953 -0.0394159 0.723163
0000000186.000000 71.0873 -13.7843 122.88 -0.00952034 -0.713245 -0.0414525 0.699623
0000000187.000000 70.6385 -13.7604 122.797 -0.0126378 -0.735527 -0.0434736 0.675981
0000000188.000000 70.1718 -13.729 122.683 -0.0160768 -0.755835 -0.045692 0.652968
0000000189.000000 69.7113 -13.6985 122.544 -0.0179325 -0.773832 -0.0482511 0.631295
0000000190.000000 69.2698 -13.6643 122.386 -0.018883 -0.789531 -0.0498287 0.611393
0000000191.000000 68.8179 -13.621 122.199 -0.0177364 -0.802405 -0.0527173 0.594182
0000000192.000000 68.3811 -13.5743 122.008 -0.0164567 -0.813425 -0.0528131 0.579033
0000000193.000000 67.9344 -13.5256 121.808 -0.0161205 -0.822727 -0.0526914 0.565759
0000000194.000000 67.4844 -13.4802 121.613 -0.0191108 -0.829262 -0.0505724 0.556239
0000000195.000000 67.0333 -13.4391 121.411 -0.0209359 -0.833777 -0.0498139 0.549451
0000000196.000000 66.5775 -13.3909 121.193 -0.0194312 -0.837354 -0.0505626 0.543971
0000000197.000000 66.1146 -13.3351 120.967 -0.0173584 -0.840093 -0.0520821 0.539657
0000000198.000000 65.6454 -13.2865 120.735 -0.0141948 -0.841799 -0.0533173 0.536964
0000000199.000000 65.1654 -13.2419 120.501 -0.0141948 -0.841799 -0.0533173 0.536964
0000000200.000000 64.6721 -13.1984 120.271 -0.0141948 -0.841799 -0.0533173 0.536964
0000000201.000000 64.1664 -13.1509 120.044 -0.0141948 -0.841799 -0.0533173 0.536964
0000000202.000000 63.6517 -13.0979 119.818 -0.0141948 -0.841799 -0.0533173 0.536964
0000000203.000000 63.1282 -13.0405 119.583 -0.0141948 -0.841799 -0.0533173 0.536964
0000000204.000000 62.5891 -12.9828 119.331 -0.0141948 -0.841799 -0.0533173 0.536964
0000000205.000000 62.0408 -12.9256 119.073 -0.0141948 -0.841799 -0.0533173 0.536964
0000000206.000000 61.4739 -12.869 118.82 -0.0141948 -0.841799 -0.0533173 0.536964
0000000207.000000 60.8968 -12.8127 118.565 -0.0141948 -0.841799 -0.0533173 0.536964
0000000208.000000 60.309 -12.7569 118.301 -0.0141948 -0.841799 -0.0533173 0.536964
0000000209.000000 59.1131 -12.6424 117.767 -0.0173478 -0.840777 -0.0503374 0.538757
0000000210.000000 58.5083 -12.5866 117.494 -0.0173478 -0.840777 -0.0503374 0.538757
0000000211.000000 57.8946 -12.5262 117.21 -0.0173478 -0.840777 -0.0503374 0.538757
0000000212.000000 57.2696 -12.4592 116.918 -0.0173478 -0.840777 -0.0503374 0.538757
0000000213.000000 56.6249 -12.3872 116.621 -0.0173478 -0.840777 -0.0503374 0.538757
0000000214.000000 55.9632 -12.3208 116.32 -0.0173478 -0.840777 -0.0503374 0.538757
0000000215.000000 55.2946 -12.2596 116.01 -0.0173478 -0.840777 -0.0503374 0.538757
0000000216.000000 54.6246 -12.1989 115.694 -0.0173478 -0.840777 -0.0503374 0.538757
0000000217.000000 53.9512 -12.1352 115.372 -0.0173478 -0.840777 -0.0503374 0.538757
0000000218.000000 53.2637 -12.0661 115.053 -0.0173478 -0.840777 -0.0503374 0.538757
0000000219.000000 52.5645 -11.994 114.729 -0.0173478 -0.840777 -0.0503374 0.538757
0000000220.000000 51.8504 -11.921 114.401 -0.0173478 -0.840777 -0.0503374 0.538757
0000000221.000000 51.1268 -11.851 114.072 -0.0173478 -0.840777 -0.0503374 0.538757
0000000222.000000 50.3911 -11.7802 113.736 -0.0173478 -0.840777 -0.0503374 0.538757
0000000223.000000 49.639 -11.7054 113.391 -0.0173478 -0.840777 -0.0503374 0.538757
0000000224.000000 48.8839 -11.632 113.051 -0.0173478 -0.840777 -0.0503374 0.538757
0000000225.000000 48.1232 -11.5607 112.701 -0.0173478 -0.840777 -0.0503374 0.538757
0000000226.000000 47.366 -11.491 112.347 -0.0173478 -0.840777 -0.0503374 0.538757
0000000227.000000 46.6049 -11.4189 111.989 -0.0173478 -0.840777 -0.0503374 0.538757
0000000228.000000 45.8396 -11.3423 111.629 -0.0173478 -0.840777 -0.0503374 0.538757
0000000229.000000 45.0683 -11.2676 111.265 -0.0173478 -0.840777 -0.0503374 0.538757
0000000230.000000 44.2903 -11.1948 110.902 -0.0173478 -0.840777 -0.0503374 0.538757
0000000231.000000 43.5094 -11.123 110.545 -0.0173478 -0.840777 -0.0503374 0.538757
0000000232.000000 42.7278 -11.0462 110.185 -0.0173478 -0.840777 -0.0503374 0.538757
0000000233.000000 41.9309 -10.9561 109.823 -0.0173478 -0.840777 -0.0503374 0.538757
0000000234.000000 41.138 -10.8744 109.466 -0.0173478 -0.840777 -0.0503374 0.538757
0000000235.000000 40.3494 -10.7953 109.104 -0.0173478 -0.840777 -0.0503374 0.538757
0000000236.000000 39.562 -10.7132 108.733 -0.0173478 -0.840777 -0.0503374 0.538757
0000000237.000000 38.7739 -10.6307 108.362 -0.0173478 -0.840777 -0.0503374 0.538757
0000000238.000000 37.9887 -10.5584 107.995 -0.0173478 -0.840777 -0.0503374 0.538757
0000000239.000000 37.2177 -10.5012 107.649 -0.0173478 -0.840777 -0.0503374 0.538757
0000000240.000000 36.4514 -10.4439 107.317 -0.0164259 -0.840926 -0.0426623 0.539216
0000000241.000000 35.6829 -10.3868 106.985 -0.0163401 -0.841182 -0.0366228 0.539263
0000000242.000000 34.905 -10.3272 106.639 -0.0163401 -0.841182 -0.0366228 0.539263
0000000243.000000 34.1135 -10.2675 106.283 -0.0228214 -0.841045 -0.0458446 0.538535
0000000244.000000 33.3297 -10.2096 105.93 -0.0274986 -0.840935 -0.0539837 0.537734
0000000245.000000 32.573 -10.1375 105.589 -0.0274986 -0.840935 -0.0539837 0.537734
0000000246.000000 31.8299 -10.0541 105.253 -0.0214074 -0.841699 -0.048435 0.537343
0000000247.000000 31.0807 -9.97052 104.922 -0.0193542 -0.84219 -0.0442151 0.537017
0000000248.000000 30.3234 -9.90253 104.589 -0.0193542 -0.84219 -0.0442151 0.537017
0000000249.000000 29.5708 -9.83059 104.239 -0.0193542 -0.84219 -0.0442151 0.537017
0000000250.000000 28.8287 -9.75277 103.894 -0.0193542 -0.84219 -0.0442151 0.537017
0000000251.000000 28.0903 -9.67014 103.553 -0.0193542 -0.84219 -0.0442151 0.537017
0000000252.000000 27.3413 -9.59461 103.198 -0.0193542 -0.84219 -0.0442151 0.537017
0000000253.000000 26.6189 -9.52001 102.857 -0.0193542 -0.84219 -0.0442151 0.537017
0000000254.000000 25.8778 -9.44747 102.513 -0.0193542 -0.84219 -0.0442151 0.537017
0000000255.000000 25.1345 -9.37621 102.174 -0.0193542 -0.84219 -0.0442151 0.537017
0000000256.000000 24.3963 -9.31067 101.838 -0.0193542 -0.84219 -0.0442151 0.537017
0000000257.000000 23.6628 -9.24521 101.5 -0.0193542 -0.84219 -0.0442151 0.537017
0000000258.000000 22.9347 -9.1736 101.17 -0.0193542 -0.84219 -0.0442151 0.537017
0000000259.000000 22.2032 -9.10415 100.827 -0.0193542 -0.84219 -0.0442151 0.537017
0000000260.000000 21.4698 -9.03448 100.476 -0.0193542 -0.84219 -0.0442151 0.537017
0000000261.000000 20.7327 -8.96833 100.126 -0.0220334 -0.843657 -0.0477868 0.534298
0000000262.000000 20.0015 -8.89234 99.7687 -0.0256786 -0.844519 -0.0506566 0.532506
0000000263.000000 19.2813 -8.81596 99.4031 -0.0235162 -0.845572 -0.0545679 0.530545
0000000264.000000 18.5702 -8.74089 99.0399 -0.0235162 -0.845572 -0.0545679 0.530545
0000000265.000000 17.859 -8.66088 98.6879 -0.0215795 -0.847692 -0.0497089 0.527713
0000000266.000000 17.1423 -8.57851 98.3294 -0.0216048 -0.849542 -0.0456772 0.525095
0000000267.000000 16.4196 -8.50287 97.9585 -0.0216048 -0.849542 -0.0456772 0.525095
0000000268.000000 15.6957 -8.43374 97.5747 -0.0195525 -0.85156 -0.0491871 0.521579
0000000269.000000 14.9796 -8.36089 97.1862 -0.01701 -0.853656 -0.0502834 0.518125
0000000270.000000 14.2661 -8.28663 96.8043 -0.0149049 -0.856382 -0.0481046 0.513881
0000000271.000000 13.5519 -8.20788 96.4176 -0.0151609 -0.85863 -0.0464187 0.510264
0000000272.000000 12.8355 -8.1313 96.02 -0.0151609 -0.85863 -0.0464187 0.510264
0000000273.000000 12.1209 -8.053 95.6084 -0.0154383 -0.860501 -0.0503998 0.506714
0000000274.000000 11.4074 -7.97793 95.1891 -0.015468 -0.862431 -0.0537528 0.503074
0000000275.000000 10.6987 -7.90116 94.7731 -0.015468 -0.862431 -0.0537528 0.503074
0000000276.000000 9.98922 -7.82607 94.3611 -0.015468 -0.862431 -0.0537528 0.503074
0000000277.000000 9.27934 -7.75369 93.9491 -0.015468 -0.862431 -0.0537528 0.503074
0000000278.000000 8.57469 -7.68377 93.5347 -0.015468 -0.862431 -0.0537528 0.503074
0000000279.000000 7.87572 -7.6053 93.1154 -0.0113245 -0.863467 -0.0529696 0.501488
0000000280.000000 7.17693 -7.5246 92.6984 -0.0113245 -0.863467 -0.0529696 0.501488
0000000281.000000 6.46119 -7.43706 92.2766 -0.0113245 -0.863467 -0.0529696 0.501488
0000000282.000000 5.74308 -7.3522 91.8485 -0.0125832 -0.863802 -0.0577137 0.500356
0000000283.000000 5.0274 -7.26928 91.4241 0.0141738 0.864451 0.0615471 -0.498733
0000000284.000000 4.32215 -7.18524 91.0065 0.0141738 0.864451 0.0615471 -0.498733
0000000285.000000 3.61783 -7.09942 90.6044 0.0169275 0.865877 0.0550377 -0.496932
0000000286.000000 2.91724 -7.00744 90.1914 0.0176397 0.86775 0.0504182 -0.494122
0000000287.000000 2.21916 -6.9188 89.7551 0.0176397 0.86775 0.0504182 -0.494122
0000000288.000000 1.51143 -6.83467 89.3203 0.019731 0.869451 0.0520586 -0.490873
0000000289.000000 0.800849 -6.74866 88.8874 0.0228878 0.871112 0.052967 -0.487683
0000000290.000000 0.0882436 -6.65815 88.4499 0.0271767 0.872369 0.0517848 -0.485337
0000000291.000000 -0.622682 -6.57166 88.0049 0.0271767 0.872369 0.0517848 -0.485337
0000000292.000000 -1.32626 -6.48842 87.5595 0.0274111 0.873962 0.0483091 -0.482809
0000000293.000000 -2.02341 -6.40409 87.1185 0.0283758 0.875817 0.0418949 -0.479983
0000000294.000000 -2.72635 -6.32428 86.6797 0.0320726 0.87748 0.0355418 -0.477218
0000000295.000000 -3.43254 -6.24163 86.2086 0.0330049 0.878825 0.0400279 -0.474315
0000000296.000000 -4.13516 -6.15842 85.7185 0.031838 0.879893 0.0481188 -0.471656
0000000297.000000 -4.83355 -6.07733 85.2299 0.0313592 0.880898 0.0531818 -0.469263
0000000298.000000 -5.52487 -5.99012 84.7515 0.0313592 0.880898 0.0531818 -0.469263
0000000299.000000 -6.21004 -5.90173 84.2765 0.0284021 0.881613 0.0488344 -0.46858
0000000300.000000 -6.88917 -5.81839 83.7901 0.0212939 0.882605 0.047017 -0.467273
0000000301.000000 -7.58081 -5.73635 83.3068 0.0212939 0.882605 0.047017 -0.467273
0000000302.000000 -8.29083 -5.654 82.8312 0.0212939 0.882605 0.047017 -0.467273
0000000303.000000 -8.99932 -5.57188 82.3452 0.0233598 0.882451 0.051115 -0.467035
0000000304.000000 -9.70603 -5.49242 81.8533 0.0233598 0.882451 0.051115 -0.467035
0000000305.000000 -10.4097 -5.41986 81.3702 0.0233598 0.882451 0.051115 -0.467035
0000000306.000000 -11.1076 -5.34688 80.8903 0.0233598 0.882451 0.051115 -0.467035
0000000307.000000 -11.8092 -5.26784 80.4246 0.0249586 0.88312 0.0436855 -0.466441
0000000308.000000 -12.5152 -5.19191 79.9589 0.0288247 0.883613 0.0389081 -0.465707
0000000309.000000 -13.2219 -5.11611 79.4707 0.0288247 0.883613 0.0389081 -0.465707
0000000310.000000 -13.9267 -5.0484 78.9748 0.0288639 0.883753 0.0444759 -0.464941
0000000311.000000 -14.621 -4.97751 78.4881 0.0288639 0.883753 0.0444759 -0.464941
0000000312.000000 -15.3116 -4.90788 78.0149 0.0288639 0.883753 0.0444759 -0.464941
0000000313.000000 -16.0006 -4.83415 77.5444 0.0288639 0.883753 0.0444759 -0.464941
0000000314.000000 -16.6836 -4.75631 77.0598 0.0288639 0.883753 0.0444759 -0.464941
0000000315.000000 -17.3716 -4.6792 76.5782 0.0288639 0.883753 0.0444759 -0.464941
0000000316.000000 -18.0576 -4.60706 76.0993 0.0288639 0.883753 0.0444759 -0.464941
0000000317.000000 -19.4194 -4.45743 75.1417 0.0288639 0.883753 0.0444759 -0.464941
0000000318.000000 -20.0939 -4.38718 74.6705 0.0288639 0.883753 0.0444759 -0.464941
0000000319.000000 -20.7576 -4.31402 74.2029 0.0288639 0.883753 0.0444759 -0.464941
0000000320.000000 -21.4202 -4.23246 73.7338 0.0288639 0.883753 0.0444759 -0.464941
0000000321.000000 -22.0016 -4.16042 73.3373 0.0288639 0.883753 0.0444759 -0.464941
0000000322.000000 -22.5825 -4.08788 72.9386 0.0288639 0.883753 0.0444759 -0.464941
0000000323.000000 -23.1619 -4.01496 72.5384 0.0288639 0.883753 0.0444759 -0.464941
0000000324.000000 -23.74 -3.94161 72.1364 0.0288639 0.883753 0.0444759 -0.464941
0000000325.000000 -24.3168 -3.86787 71.7327 0.0288639 0.883753 0.0444759 -0.464941
0000000326.000000 -24.8921 -3.79374 71.3274 0.0288639 0.883753 0.0444759 -0.464941
0000000327.000000 -25.4658 -3.71924 70.9206 0.0288639 0.883753 0.0444759 -0.464941
0000000328.000000 -26.0396 -3.64415 70.5112 0.0288639 0.883753 0.0444759 -0.464941
0000000329.000000 -26.6108 -3.56881 70.1008 0.0288639 0.883753 0.0444759 -0.464941
0000000330.000000 -27.1815 -3.49297 69.6882 0.0288639 0.883753 0.0444759 -0.464941
0000000331.000000 -27.7506 -3.41677 69.2742 0.0288639 0.883753 0.0444759 -0.464941
0000000332.000000 -28.3176 -3.34025 68.859 0.0288639 0.883753 0.0444759 -0.464941
0000000333.000000 -28.8842 -3.26322 68.4414 0.0288639 0.883753 0.0444759 -0.464941
0000000334.000000 -29.4488 -3.18587 68.0227 0.0288639 0.883753 0.0444759 -0.464941
0000000335.000000 -30.0127 -3.10803 67.6017 0.0288639 0.883753 0.0444759 -0.464941
0000000336.000000 -30.5775 -3.0287 67.1738 0.0288639 0.883753 0.0444759 -0.464941
0000000337.000000 -31.1074 -2.96158 66.8058 0.0288639 0.883753 0.0444759 -0.464941
0000000338.000000 -31.6401 -2.89658 66.4422 0.0288639 0.883753 0.0444759 -0.464941
0000000339.000000 -32.179 -2.83982 66.0876 0.0335223 0.88211 0.0459039 -0.467601
0000000340.000000 -32.7094 -2.7824 65.7407 0.0335223 0.88211 0.0459039 -0.467601
0000000341.000000 -33.2365 -2.72243 65.3851 0.0335223 0.88211 0.0459039 -0.467601
0000000342.000000 -33.7577 -2.66046 65.0257 0.0335223 0.88211 0.0459039 -0.467601
0000000343.000000 -34.288 -2.59351 64.6623 0.0335223 0.88211 0.0459039 -0.467601
0000000344.000000 -34.8193 -2.52874 64.2955 0.0335223 0.88211 0.0459039 -0.467601
0000000345.000000 -35.3555 -2.46217 63.9208 0.0335223 0.88211 0.0459039 -0.467601
0000000346.000000 -35.8791 -2.39996 63.5394 0.0288281 0.882303 0.0462535 -0.467516
0000000347.000000 -36.4046 -2.33959 63.1604 0.0244981 0.882749 0.0432196 -0.467211
0000000348.000000 -36.9378 -2.28091 62.7863 0.0244981 0.882749 0.0432196 -0.467211
0000000349.000000 -37.4815 -2.21461 62.4164 0.0261297 0.883573 0.0387921 -0.465952
0000000350.000000 -38.0294 -2.14272 62.0265 0.0261297 0.883573 0.0387921 -0.465952
0000000351.000000 -38.5789 -2.08366 61.6197 0.0254417 0.884393 0.045865 -0.463786
0000000352.000000 -39.1406 -2.02228 61.2196 0.0304042 0.884996 0.0511027 -0.461786
0000000353.000000 -39.7062 -1.95217 60.824 0.0358838 0.885594 0.0545624 -0.459847
0000000354.000000 -40.2578 -1.87811 60.4296 0.0358838 0.885594 0.0545624 -0.459847
0000000355.000000 -40.7963 -1.81107 60.0338 0.0358838 0.885594 0.0545624 -0.459847
0000000356.000000 -41.3382 -1.75692 59.6723 0.0346296 0.886754 0.0498223 -0.458243
0000000357.000000 -41.8889 -1.69897 59.3221 0.0366402 0.887336 0.0451889 -0.457439
0000000358.000000 -42.4564 -1.63492 58.9505 0.041299 0.887306 0.0453479 -0.457084
0000000359.000000 -43.0262 -1.57027 58.5725 0.0457951 0.887444 0.0459837 -0.456324
0000000360.000000 -43.5897 -1.51724 58.1932 0.0457951 0.887444 0.0459837 -0.456324
0000000361.000000 -44.1513 -1.4651 57.8094 0.0457951 0.887444 0.0459837 -0.456324
0000000362.000000 -44.7107 -1.41151 57.4356 0.0457951 0.887444 0.0459837 -0.456324
0000000363.000000 -45.2767 -1.34525 57.0536 0.0457951 0.887444 0.0459837 -0.456324
0000000364.000000 -45.8409 -1.28192 56.668 0.0457951 0.887444 0.0459837 -0.456324
0000000365.000000 -46.4043 -1.21241 56.2737 0.0457951 0.887444 0.0459837 -0.456324
0000000366.000000 -46.965 -1.15175 55.8868 0.0457951 0.887444 0.0459837 -0.456324
0000000367.000000 -47.522 -1.089 55.4987 0.0457951 0.887444 0.0459837 -0.456324
0000000368.000000 -48.0717 -1.02722 55.1175 0.0457951 0.887444 0.0459837 -0.456324
0000000369.000000 -48.615 -0.960047 54.7358 0.0441519 0.887701 0.0412816 -0.456435
0000000370.000000 -49.1529 -0.897425 54.3545 0.0441519 0.887701 0.0412816 -0.456435
0000000371.000000 -49.6858 -0.834412 53.9722 0.0441519 0.887701 0.0412816 -0.456435
0000000372.000000 -50.2208 -0.770663 53.5954 0.0441519 0.887701 0.0412816 -0.456435
0000000373.000000 -50.7519 -0.713578 53.2252 0.0441519 0.887701 0.0412816 -0.456435
0000000374.000000 -51.2588 -0.658256 52.8674 0.0441519 0.887701 0.0412816 -0.456435
0000000375.000000 -51.754 -0.605636 52.5151 0.0441519 0.887701 0.0412816 -0.456435
0000000376.000000 -52.2396 -0.551183 52.1703 0.0441519 0.887701 0.0412816 -0.456435
0000000377.000000 -52.7076 -0.498493 51.8479 0.0441519 0.887701 0.0412816 -0.456435
0000000378.000000 -53.1532 -0.447125 51.5329 0.0459118 0.889448 0.0389229 -0.453055
0000000379.000000 -53.5795 -0.397416 51.2191 0.0464515 0.89185 0.0366296 -0.448446
0000000380.000000 -53.9902 -0.346482 50.9005 0.0461735 0.895049 0.0346283 -0.442218
0000000381.000000 -54.3897 -0.293106 50.577 0.0465011 0.899141 0.0328674 -0.433938
0000000382.000000 -54.7761 -0.241211 50.2495 0.0489886 0.903738 0.0320868 -0.424061
0000000383.000000 -55.1513 -0.192302 49.9043 0.0491199 0.90887 0.0333807 -0.41283
0000000384.000000 -55.5136 -0.143932 49.5516 0.0502182 0.914504 0.0340937 -0.399998
0000000385.000000 -55.8512 -0.10157 49.1973 0.0519262 0.920763 0.0335181 -0.385195
0000000386.000000 -56.175 -0.0599859 48.8288 0.0511523 0.927705 0.0320509 -0.368401
0000000387.000000 -56.449 -0.0226141 48.4535 0.0484739 0.935142 0.030555 -0.349607
0000000388.000000 -56.7225 0.019246 48.0631 0.046453 0.942787 0.0291059 -0.328857
0000000389.000000 -56.9731 0.0589241 47.6604 0.04454 0.950394 0.0285949 -0.306511
0000000390.000000 -57.1641 0.09406 47.256 0.0399025 0.957919 0.0289962 -0.282769
0000000391.000000 -57.3504 0.117165 46.8357 0.0335343 0.965182 0.0301852 -0.257657
0000000392.000000 -57.5117 0.141048 46.41 0.0277767 0.971988 0.0316863 -0.231223
0000000393.000000 -57.6126 0.171835 45.9968 0.0239023 0.978231 0.032878 -0.2035
0000000394.000000 -57.728 0.203132 45.5724 0.0215497 0.983778 0.033842 -0.174848
0000000395.000000 -57.8216 0.233267 45.1404 0.0203931 0.988384 0.036771 -0.146044
0000000396.000000 -57.852 0.270537 44.7179 0.019432 0.991964 0.0423088 -0.117644
0000000397.000000 -57.8918 0.303513 44.2837 0.0177547 0.994688 0.0474281 -0.0896165
0000000398.000000 -57.9037 0.338335 43.8569 0.0157555 0.996692 0.0504704 -0.0617245
0000000399.000000 -57.864 0.37315 43.4501 0.0157924 0.997956 0.0517418 -0.0340102
0000000400.000000 -57.8366 0.406225 43.0357 0.0158143 0.998482 0.0524228 -0.00589853
0000000401.000000 -57.7955 0.444325 42.6288 0.0187015 0.998236 0.0516934 0.0224163
0000000402.000000 -57.6985 0.478243 42.2403 0.0225932 0.997232 0.0491121 0.0510551
0000000403.000000 -57.615 0.520041 41.8397 0.0268555 0.995395 0.0458412 0.0797889
0000000404.000000 -57.4682 0.554774 41.4452 0.0291671 0.992787 0.042201 0.108366
0000000405.000000 -57.3261 0.590042 41.0331 0.0296678 0.989585 0.0400663 0.135044
0000000406.000000 -57.1559 0.61893 40.6167 0.0291368 0.985887 0.0391428 0.160141
0000000407.000000 -56.9431 0.64489 40.203 0.0294155 0.981778 0.0389144 0.183664
0000000408.000000 -56.7341 0.672712 39.7827 0.030479 0.97755 0.0377934 0.205032
0000000409.000000 -56.5021 0.698178 39.3595 0.0309825 0.973212 0.036571 0.224857
0000000410.000000 -56.2393 0.721785 38.937 0.0310957 0.969051 0.0355403 0.242302
0000000411.000000 -55.9719 0.748174 38.5134 0.0308499 0.965477 0.0333322 0.256497
0000000412.000000 -55.685 0.772993 38.0863 0.031066 0.962189 0.0316174 0.268752
0000000413.000000 -55.3885 0.794315 37.6518 0.0305246 0.959143 0.030211 0.279644
0000000414.000000 -55.077 0.812835 37.2144 0.0294675 0.956542 0.0288452 0.288663
0000000415.000000 -54.7505 0.830767 36.7701 0.0280773 0.954427 0.0277193 0.295826
0000000416.000000 -54.4166 0.850059 36.314 0.027428 0.952931 0.0264695 0.300783
0000000417.000000 -54.0743 0.869921 35.8459 0.027428 0.952931 0.0264695 0.300783
0000000418.000000 -53.7254 0.890534 35.361 0.027428 0.952931 0.0264695 0.300783
0000000419.000000 -53.3684 0.911426 34.8592 0.027428 0.952931 0.0264695 0.300783
0000000420.000000 -53.0018 0.933374 34.3419 0.027428 0.952931 0.0264695 0.300783
0000000421.000000 -52.6243 0.955094 33.8064 0.027428 0.952931 0.0264695 0.300783
0000000422.000000 -52.2378 0.977436 33.2546 0.027428 0.952931 0.0264695 0.300783
0000000423.000000 -51.8308 1.0036 32.703 0.027428 0.952931 0.0264695 0.300783
0000000424.000000 -51.3964 1.03973 32.1643 0.027428 0.952931 0.0264695 0.300783
0000000425.000000 -50.9468 1.07996 31.613 0.027428 0.952931 0.0264695 0.300783
0000000426.000000 -50.4897 1.11769 31.0295 0.027428 0.952931 0.0264695 0.300783
0000000427.000000 -50.0199 1.15397 30.4338 0.027428 0.952931 0.0264695 0.300783
0000000428.000000 -49.546 1.18925 29.8051 0.027428 0.952931 0.0264695 0.300783
0000000429.000000 -49.0703 1.2156 29.1606 0.027428 0.952931 0.0264695 0.300783
0000000430.000000 -48.5889 1.23533 28.5067 0.027428 0.952931 0.0264695 0.300783
0000000431.000000 -48.0969 1.25868 27.8319 0.027428 0.952931 0.0264695 0.300783
0000000432.000000 -47.5975 1.28274 27.151 0.027428 0.952931 0.0264695 0.300783
0000000433.000000 -47.0912 1.3075 26.4457 0.027428 0.952931 0.0264695 0.300783
0000000434.000000 -46.5822 1.32747 25.7443 0.027428 0.952931 0.0264695 0.300783
0000000435.000000 -46.0743 1.34766 25.0382 0.027428 0.952931 0.0264695 0.300783
0000000436.000000 -45.5656 1.36295 24.3422 0.027428 0.952931 0.0264695 0.300783
0000000437.000000 -45.0603 1.3813 23.6422 0.027428 0.952931 0.0264695 0.300783
0000000438.000000 -44.5531 1.40323 22.9374 0.027428 0.952931 0.0264695 0.300783
0000000439.000000 -44.041 1.4264 22.2238 0.027428 0.952931 0.0264695 0.300783
0000000440.000000 -43.5333 1.44599 21.5172 0.027428 0.952931 0.0264695 0.300783
0000000441.000000 -42.5368 1.5005 20.085 0.027428 0.952931 0.0264695 0.300783
0000000442.000000 -42.0523 1.53361 19.3546 0.027428 0.952931 0.0264695 0.300783
0000000443.000000 -41.5595 1.56017 18.6394 0.027428 0.952931 0.0264695 0.300783
0000000444.000000 -41.0693 1.59176 17.918 0.027428 0.952931 0.0264695 0.300783
0000000445.000000 -40.5721 1.62384 17.205 0.027428 0.952931 0.0264695 0.300783
0000000446.000000 -40.0681 1.65941 16.4739 0.027428 0.952931 0.0264695 0.300783
0000000447.000000 -39.5672 1.68827 15.7609 0.027428 0.952931 0.0264695 0.300783
0000000448.000000 -39.0647 1.71203 15.0356 0.027428 0.952931 0.0264695 0.300783
0000000449.000000 -38.5657 1.73681 14.3174 0.027428 0.952931 0.0264695 0.300783
0000000450.000000 -38.0727 1.75565 13.6014 0.027428 0.952931 0.0264695 0.300783
0000000451.000000 -37.5901 1.76935 12.8826 0.027428 0.952931 0.0264695 0.300783
0000000452.000000 -37.1089 1.79461 12.1656 0.027428 0.952931 0.0264695 0.300783
0000000453.000000 -36.6309 1.81629 11.4493 0.027428 0.952931 0.0264695 0.300783
0000000454.000000 -36.1552 1.83619 10.7442 0.027428 0.952931 0.0264695 0.300783
0000000455.000000 -35.6829 1.86058 10.0348 0.027428 0.952931 0.0264695 0.300783
0000000456.000000 -35.2065 1.88063 9.3427 0.027428 0.952931 0.0264695 0.300783
0000000457.000000 -34.725 1.89057 8.64897 0.027428 0.952931 0.0264695 0.300783
0000000458.000000 -34.2568 1.90469 7.95863 0.027428 0.952931 0.0264695 0.300783
0000000459.000000 -33.7874 1.91704 7.26508 0.027428 0.952931 0.0264695 0.300783
0000000460.000000 -33.312 1.92334 6.58441 0.027428 0.952931 0.0264695 0.300783
0000000461.000000 -32.8373 1.92544 5.90718 0.027428 0.952931 0.0264695 0.300783
0000000462.000000 -32.3676 1.92492 5.23478 0.027428 0.952931 0.0264695 0.300783
0000000463.000000 -31.9029 1.92476 4.56887 0.027428 0.952931 0.0264695 0.300783
0000000464.000000 -31.438 1.92534 3.90507 0.027428 0.952931 0.0264695 0.300783
0000000465.000000 -30.9728 1.93105 3.24557 0.027428 0.952931 0.0264695 0.300783
0000000466.000000 -30.5058 1.94 2.58295 0.027428 0.952931 0.0264695 0.300783
0000000467.000000 -30.0406 1.95533 1.92808 0.027428 0.952931 0.0264695 0.300783
0000000468.000000 -29.5771 1.96528 1.27325 0.027428 0.952931 0.0264695 0.300783
0000000469.000000 -29.1106 1.97345 0.627165 0.027428 0.952931 0.0264695 0.300783
0000000470.000000 -28.6464 1.97874 -0.0118226 0.027428 0.952931 0.0264695 0.300783
0000000471.000000 -28.1834 1.97946 -0.645902 0.027428 0.952931 0.0264695 0.300783
0000000472.000000 -27.729 1.9823 -1.2743 0.027428 0.952931 0.0264695 0.300783
0000000473.000000 -27.2787 1.98486 -1.89436 0.027428 0.952931 0.0264695 0.300783
0000000474.000000 -26.8371 1.98931 -2.50724 0.027428 0.952931 0.0264695 0.300783
0000000475.000000 -26.4032 1.98554 -3.11521 0.027428 0.952931 0.0264695 0.300783
0000000476.000000 -25.9789 1.98175 -3.71072 0.027428 0.952931 0.0264695 0.300783
0000000477.000000 -25.5642 1.97885 -4.29235 0.027428 0.952931 0.0264695 0.300783
0000000478.000000 -25.1596 1.98123 -4.86242 0.027428 0.952931 0.0264695 0.300783
0000000479.000000 -24.7655 1.98 -5.42271 0.027428 0.952931 0.0264695 0.300783
0000000480.000000 -24.3816 1.98076 -5.97279 0.027428 0.952931 0.0264695 0.300783
0000000481.000000 -24.0052 1.97854 -6.51276 0.027428 0.952931 0.0264695 0.300783
0000000482.000000 -23.6394 1.97961 -7.03701 0.027428 0.952931 0.0264695 0.300783
0000000483.000000 -23.2815 1.9814 -7.55252 0.027428 0.952931 0.0264695 0.300783
0000000484.000000 -22.936 1.98784 -8.05661 0.027428 0.952931 0.0264695 0.300783
0000000485.000000 -22.5974 1.99456 -8.55046 0.027428 0.952931 0.0264695 0.300783
0000000486.000000 -22.2621 1.99969 -9.02833 0.027428 0.952931 0.0264695 0.300783
0000000487.000000 -21.9361 2.00538 -9.49292 0.027428 0.952931 0.0264695 0.300783
0000000488.000000 -21.6222 2.00899 -9.94263 0.027428 0.952931 0.0264695 0.300783
0000000489.000000 -21.3233 2.01259 -10.3792 0.027428 0.952931 0.0264695 0.300783
0000000490.000000 -20.7557 2.01527 -11.2157 0.0281499 0.954181 0.0274725 0.296634
0000000491.000000 -20.4886 2.01923 -11.615 0.0281499 0.954181 0.0274725 0.296634
0000000492.000000 -20.2298 2.02572 -11.9991 0.0281499 0.954181 0.0274725 0.296634
0000000493.000000 -19.9764 2.03066 -12.3714 0.0281499 0.954181 0.0274725 0.296634
0000000494.000000 -19.7386 2.03098 -12.7298 0.0281499 0.954181 0.0274725 0.296634
0000000495.000000 -19.2957 2.03482 -13.4088 0.0289158 0.955718 0.0286128 0.291458
0000000496.000000 -19.0939 2.03884 -13.7282 0.0289158 0.955718 0.0286128 0.291458
0000000497.000000 -18.9047 2.03925 -14.0331 0.0289158 0.955718 0.0286128 0.291458
0000000498.000000 -18.7216 2.04417 -14.3252 0.0289158 0.955718 0.0286128 0.291458
0000000499.000000 -18.5496 2.04579 -14.6007 0.0289158 0.955718 0.0286128 0.291458
0000000500.000000 -18.3884 2.04882 -14.8551 0.0289158 0.955718 0.0286128 0.291458
0000000501.000000 -18.2382 2.04664 -15.091 0.0289158 0.955718 0.0286128 0.291458
0000000502.000000 -18.1028 2.04667 -15.3044 0.0289158 0.955718 0.0286128 0.291458
0000000503.000000 -17.9822 2.04539 -15.4981 0.0289158 0.955718 0.0286128 0.291458
0000000504.000000 -17.8816 2.04228 -15.6647 0.0289158 0.955718 0.0286128 0.291458
0000000505.000000 -17.7931 2.04182 -15.8106 0.0289158 0.955718 0.0286128 0.291458
0000000506.000000 -17.7157 2.04478 -15.9368 0.0289158 0.955718 0.0286128 0.291458
0000000507.000000 -17.6526 2.04502 -16.0386 0.0289158 0.955718 0.0286128 0.291458
0000000508.000000 -17.6039 2.04355 -16.119 0.0289158 0.955718 0.0286128 0.291458
0000000509.000000 -17.5653 2.04364 -16.1843 0.0289158 0.955718 0.0286128 0.291458
0000000510.000000 -17.5309 2.04025 -16.2429 0.0289158 0.955718 0.0286128 0.291458
0000000511.000000 -17.5033 2.03718 -16.2913 0.0289158 0.955718 0.0286128 0.291458
0000000512.000000 -17.4813 2.03307 -16.3299 0.0289158 0.955718 0.0286128 0.291458
0000000513.000000 -17.4649 2.02992 -16.3551 0.0289158 0.955718 0.0286128 0.291458
0000000514.000000 -17.4531 2.02679 -16.3701 0.0289158 0.955718 0.0286128 0.291458
0000000515.000000 -17.4481 2.02556 -16.3755 0.0289158 0.955718 0.0286128 0.291458
0000000516.000000 -17.4494 2.02546 -16.3734 0.0289158 0.955718 0.0286128 0.291458
0000000517.000000 -17.452 2.02452 -16.3698 0.0289158 0.955718 0.0286128 0.291458
0000000518.000000 -17.4526 2.02275 -16.3698 0.0289158 0.955718 0.0286128 0.291458
0000000519.000000 -17.4549 2.02234 -16.3715 0.0289158 0.955718 0.0286128 0.291458
0000000520.000000 -17.4583 2.02379 -16.3724 0.0289158 0.955718 0.0286128 0.291458
0000000521.000000 -17.4655 2.0227 -16.3724 0.0289158 0.955718 0.0286128 0.291458
0000000522.000000 -17.47 2.02178 -16.375 0.0289158 0.955718 0.0286128 0.291458
0000000523.000000 -17.4748 2.02099 -16.3849 0.0289158 0.955718 0.0286128 0.291458
0000000524.000000 -17.4735 2.02537 -16.3949 0.0289158 0.955718 0.0286128 0.291458
0000000525.000000 -17.4699 2.03032 -16.4083 0.0289158 0.955718 0.0286128 0.291458
0000000526.000000 -17.4625 2.03541 -16.4255 0.0289158 0.955718 0.0286128 0.291458
0000000527.000000 -17.4527 2.03646 -16.4454 0.0289158 0.955718 0.0286128 0.291458
0000000528.000000 -17.4409 2.03808 -16.4688 0.0289158 0.955718 0.0286128 0.291458
0000000529.000000 -17.4236 2.03887 -16.4957 0.0289158 0.955718 0.0286128 0.291458
0000000530.000000 -17.3992 2.04007 -16.5318 0.0289158 0.955718 0.0286128 0.291458
0000000531.000000 -17.3675 2.0405 -16.5816 0.0289158 0.955718 0.0286128 0.291458
0000000532.000000 -17.3239 2.04273 -16.6484 0.0289158 0.955718 0.0286128 0.291458
0000000533.000000 -17.2716 2.04456 -16.7324 0.0289158 0.955718 0.0286128 0.291458
0000000534.000000 -17.2075 2.04662 -16.8333 0.0289158 0.955718 0.0286128 0.291458
0000000535.000000 -17.1348 2.04962 -16.952 0.0289158 0.955718 0.0286128 0.291458
0000000536.000000 -17.0525 2.0544 -17.087 0.0289158 0.955718 0.0286128 0.291458
0000000537.000000 -16.961 2.0627 -17.2397 0.028687 0.957111 0.0284237 0.286894
0000000538.000000 -16.8626 2.07414 -17.4075 0.0281084 0.958771 0.0282805 0.281368
0000000539.000000 -16.7576 2.08669 -17.5883 0.0273929 0.96074 0.0278562 0.274685
0000000540.000000 -16.6548 2.09805 -17.787 0.0269821 0.962931 0.0283278 0.266897
0000000541.000000 -16.5471 2.10752 -18.0029 0.0266858 0.965336 0.0311358 0.257768
0000000542.000000 -16.4417 2.11919 -18.2333 0.025485 0.968125 0.0338089 0.246864
0000000543.000000 -16.3381 2.13627 -18.471 0.0246978 0.971003 0.034321 0.2353
0000000544.000000 -16.2392 2.15114 -18.7183 0.0256136 0.974002 0.0347062 0.222396
0000000545.000000 -16.1541 2.16958 -18.9869 0.0264684 0.977238 0.0355282 0.207468
0000000546.000000 -16.0801 2.18888 -19.2705 0.0278688 0.980531 0.0368643 0.190849
0000000547.000000 -16.0026 2.20667 -19.5564 0.0297049 0.98374 0.0387937 0.172822
0000000548.000000 -15.9458 2.22941 -19.8691 0.0299196 0.986982 0.0417481 0.152406
0000000549.000000 -15.8787 2.25259 -20.1799 0.0283876 0.990028 0.0451642 0.130381
0000000550.000000 -15.8441 2.28176 -20.5167 0.0253464 0.992857 0.0471988 0.106602
0000000551.000000 -15.8282 2.3121 -20.8631 0.0225508 0.995268 0.0485852 0.0810762
0000000552.000000 -15.809 2.34134 -21.1999 0.0220048 0.996995 0.0503964 0.0545552
0000000553.000000 -15.8434 2.37279 -21.5631 0.0227041 0.998023 0.0521359 0.0267512
0000000554.000000 -15.902 2.40533 -21.9337 0.0233941 0.998333 0.0527144 -0.0024244
0000000555.000000 -15.9456 2.4413 -22.2802 0.0227949 0.997872 0.0517844 -0.032404
0000000556.000000 -16.0501 2.48567 -22.656 0.0218011 0.996505 0.0494836 -0.063674
0000000557.000000 -16.1375 2.52853 -23.0095 0.0191305 0.994059 0.047976 -0.0958087
0000000558.000000 -16.2962 2.57373 -23.4004 0.0170427 0.99038 0.0479016 -0.128694
0000000559.000000 -16.4874 2.6187 -23.7975 0.0163662 0.98558 0.0494407 -0.160998
0000000560.000000 -16.6732 2.65985 -24.1642 0.0175063 0.979969 0.0502323 -0.191915
0000000561.000000 -16.9285 2.70234 -24.5626 0.018787 0.973604 0.0509122 -0.221697
0000000562.000000 -17.2056 2.74721 -24.9589 0.01915 0.966671 0.0509839 -0.250163
0000000563.000000 -17.4809 2.79324 -25.3311 0.0187664 0.95943 0.050367 -0.276778
0000000564.000000 -17.8035 2.84451 -25.7218 0.0171179 0.9522 0.0484529 -0.301122
0000000565.000000 -18.135 2.89345 -26.1019 0.0154688 0.944728 0.0476602 -0.324004
0000000566.000000 -18.5156 2.94187 -26.5002 0.0148442 0.93745 0.0482729 -0.344437
0000000567.000000 -18.923 2.99087 -26.8983 0.0144675 0.930661 0.0490581 -0.36229
0000000568.000000 -19.3386 3.04111 -27.2891 0.0143019 0.924532 0.0496335 -0.377588
0000000569.000000 -19.7983 3.09495 -27.6905 0.0150269 0.919186 0.049574 -0.390401
0000000570.000000 -20.2595 3.15065 -28.084 0.0159517 0.914928 0.0491167 -0.4003
0000000571.000000 -20.7416 3.20795 -28.4871 0.0165945 0.911434 0.0491081 -0.408167
0000000572.000000 -21.2407 3.26778 -28.9038 0.0167724 0.908765 0.0492137 -0.414056
0000000573.000000 -22.2829 3.39301 -29.7508 0.0162997 0.905007 0.0484151 -0.422317
0000000574.000000 -22.8261 3.45706 -30.1855 0.0162997 0.905007 0.0484151 -0.422317
0000000575.000000 -23.3806 3.52202 -30.6312 0.0162997 0.905007 0.0484151 -0.422317
0000000576.000000 -23.9427 3.58916 -31.0889 0.0162997 0.905007 0.0484151 -0.422317
0000000577.000000 -24.5188 3.65764 -31.5587 0.0162997 0.905007 0.0484151 -0.422317
0000000578.000000 -25.1052 3.72976 -32.0451 0.0162997 0.905007 0.0484151 -0.422317
0000000579.000000 -26.3177 3.88223 -33.0442 0.0162997 0.905007 0.0484151 -0.422317
0000000580.000000 -26.9386 3.9607 -33.557 0.0162997 0.905007 0.0484151 -0.422317
0000000581.000000 -27.5713 4.04376 -34.0763 0.0162997 0.905007 0.0484151 -0.422317
0000000582.000000 -28.2096 4.12757 -34.6025 0.0162997 0.905007 0.0484151 -0.422317
0000000583.000000 -28.8617 4.21488 -35.1406 0.0162997 0.905007 0.0484151 -0.422317
0000000584.000000 -29.5241 4.30439 -35.6901 0.0162997 0.905007 0.0484151 -0.422317
0000000585.000000 -30.2038 4.39657 -36.2491 0.0162997 0.905007 0.0484151 -0.422317
0000000586.000000 -30.8904 4.48422 -36.8157 0.0187995 0.904618 0.0530048 -0.422496
0000000587.000000 -31.5876 4.5759 -37.3882 0.0187995 0.904618 0.0530048 -0.422496
0000000588.000000 -32.2902 4.66649 -37.9637 0.0187995 0.904618 0.0530048 -0.422496
0000000589.000000 -32.9992 4.76197 -38.5415 0.0187995 0.904618 0.0530048 -0.422496
0000000590.000000 -33.7162 4.86145 -39.1287 0.0187995 0.904618 0.0530048 -0.422496
0000000591.000000 -34.4411 4.96302 -39.7265 0.0187995 0.904618 0.0530048 -0.422496
0000000592.000000 -35.1805 5.06557 -40.3374 0.0187995 0.904618 0.0530048 -0.422496
0000000593.000000 -35.9247 5.16876 -40.9579 0.0187995 0.904618 0.0530048 -0.422496
0000000594.000000 -36.6812 5.2735 -41.5856 0.0187995 0.904618 0.0530048 -0.422496
0000000595.000000 -37.4513 5.37859 -42.2227 0.0187995 0.904618 0.0530048 -0.422496
0000000596.000000 -38.2336 5.47739 -42.8534 0.0187995 0.904618 0.0530048 -0.422496
0000000597.000000 -39.0124 5.5762 -43.4862 0.0187995 0.904618 0.0530048 -0.422496
0000000598.000000 -39.7975 5.67454 -44.1206 0.0187995 0.904618 0.0530048 -0.422496
0000000599.000000 -40.5845 5.77613 -44.7628 0.0187995 0.904618 0.0530048 -0.422496
0000000600.000000 -41.3821 5.87948 -45.4113 0.0187995 0.904618 0.0530048 -0.422496
0000000601.000000 -42.1812 5.98437 -46.0664 0.0187995 0.904618 0.0530048 -0.422496
0000000602.000000 -42.9913 6.09426 -46.724 0.0187995 0.904618 0.0530048 -0.422496
0000000603.000000 -43.8023 6.1997 -47.3887 0.0187995 0.904618 0.0530048 -0.422496
0000000604.000000 -44.6128 6.30174 -48.0524 0.0187995 0.904618 0.0530048 -0.422496
0000000605.000000 -45.4234 6.40685 -48.7112 0.0187995 0.904618 0.0530048 -0.422496
0000000606.000000 -46.2351 6.50972 -49.3738 0.0187995 0.904618 0.0530048 -0.422496
0000000607.000000 -47.0529 6.61268 -50.0397 0.0187995 0.904618 0.0530048 -0.422496
0000000608.000000 -47.8724 6.71953 -50.7128 0.0187995 0.904618 0.0530048 -0.422496
0000000609.000000 -48.6958 6.82814 -51.383 0.0187995 0.904618 0.0530048 -0.422496
0000000610.000000 -49.518 6.93323 -52.0552 0.0187995 0.904618 0.0530048 -0.422496
0000000611.000000 -50.3378 7.03552 -52.7225 0.0187995 0.904618 0.0530048 -0.422496
0000000612.000000 -51.153 7.13695 -53.3878 0.0187995 0.904618 0.0530048 -0.422496
0000000613.000000 -51.9649 7.23915 -54.0454 0.0187995 0.904618 0.0530048 -0.422496
0000000614.000000 -52.7742 7.34001 -54.7009 0.0187995 0.904618 0.0530048 -0.422496
0000000615.000000 -53.577 7.43916 -55.3548 0.0187995 0.904618 0.0530048 -0.422496
0000000616.000000 -54.3819 7.54017 -56.0058 0.0187995 0.904618 0.0530048 -0.422496
0000000617.000000 -55.1826 7.64166 -56.6571 0.0187995 0.904618 0.0530048 -0.422496
0000000618.000000 -55.9834 7.74321 -57.3081 0.0187995 0.904618 0.0530048 -0.422496
0000000619.000000 -56.7787 7.84098 -57.9622 0.0187995 0.904618 0.0530048 -0.422496
0000000620.000000 -57.569 7.93583 -58.6138 0.0187995 0.904618 0.0530048 -0.422496
0000000621.000000 -58.3578 8.03321 -59.2652 0.0187995 0.904618 0.0530048 -0.422496
0000000622.000000 -59.1443 8.13472 -59.9189 0.0187995 0.904618 0.0530048 -0.422496
0000000623.000000 -59.9339 8.23871 -60.5742 0.0187995 0.904618 0.0530048 -0.422496
0000000624.000000 -60.7221 8.34074 -61.2291 0.0187995 0.904618 0.0530048 -0.422496
0000000625.000000 -61.5035 8.43955 -61.8794 0.0187995 0.904618 0.0530048 -0.422496
0000000626.000000 -62.2858 8.54298 -62.5287 0.0187995 0.904618 0.0530048 -0.422496
0000000627.000000 -63.0683 8.64776 -63.1798 0.0187995 0.904618 0.0530048 -0.422496
0000000628.000000 -63.8501 8.74938 -63.8317 0.0187995 0.904618 0.0530048 -0.422496
0000000629.000000 -64.6325 8.85306 -64.4838 0.0187995 0.904618 0.0530048 -0.422496
0000000630.000000 -65.4162 8.95755 -65.1335 0.0187995 0.904618 0.0530048 -0.422496
0000000631.000000 -66.2068 9.06036 -65.7884 0.0187995 0.904618 0.0530048 -0.422496
0000000632.000000 -67.8021 9.26732 -67.0803 0.0187995 0.904618 0.0530048 -0.422496
0000000633.000000 -68.6016 9.37086 -67.7317 0.0187995 0.904618 0.0530048 -0.422496
0000000634.000000 -69.405 9.47491 -68.3824 0.0187995 0.904618 0.0530048 -0.422496
0000000635.000000 -70.2126 9.57935 -69.0393 0.0187995 0.904618 0.0530048 -0.422496
0000000636.000000 -71.023 9.68388 -69.6975 0.0187995 0.904618 0.0530048 -0.422496
0000000637.000000 -71.8361 9.78491 -70.3613 0.0187995 0.904618 0.0530048 -0.422496
0000000638.000000 -72.6511 9.89066 -71.0331 0.0187995 0.904618 0.0530048 -0.422496
0000000639.000000 -73.4704 9.99045 -71.7048 0.0187995 0.904618 0.0530048 -0.422496
0000000640.000000 -74.2864 10.0936 -72.3782 0.0187995 0.904618 0.0530048 -0.422496
0000000641.000000 -75.109 10.1981 -73.0621 0.0187995 0.904618 0.0530048 -0.422496
0000000642.000000 -75.9379 10.3064 -73.7481 0.0187995 0.904618 0.0530048 -0.422496
0000000643.000000 -76.7655 10.4067 -74.4411 0.0187995 0.904618 0.0530048 -0.422496
0000000644.000000 -77.5955 10.5055 -75.1351 0.0187995 0.904618 0.0530048 -0.422496
0000000645.000000 -78.4237 10.6037 -75.8286 0.0187995 0.904618 0.0530048 -0.422496
0000000646.000000 -79.2497 10.7011 -76.523 0.0187995 0.904618 0.0530048 -0.422496
0000000647.000000 -80.0742 10.7968 -77.2117 0.0187995 0.904618 0.0530048 -0.422496
0000000648.000000 -80.8963 10.8911 -77.8967 0.0187995 0.904618 0.0530048 -0.422496
0000000649.000000 -81.7162 10.9868 -78.5795 0.0187995 0.904618 0.0530048 -0.422496
0000000650.000000 -82.5349 11.0837 -79.2617 0.0187995 0.904618 0.0530048 -0.422496
0000000651.000000 -83.355 11.1841 -79.9432 0.0187995 0.904618 0.0530048 -0.422496
0000000652.000000 -84.174 11.2833 -80.6297 0.0187995 0.904618 0.0530048 -0.422496
0000000653.000000 -85.8011 11.4771 -82.0084 0.0187995 0.904618 0.0530048 -0.422496
0000000654.000000 -86.607 11.5691 -82.6877 0.0187995 0.904618 0.0530048 -0.422496
0000000655.000000 -87.41 11.6641 -83.3633 0.0187995 0.904618 0.0530048 -0.422496
0000000656.000000 -88.2151 11.7615 -84.035 0.0187995 0.904618 0.0530048 -0.422496
0000000657.000000 -89.0075 11.8539 -84.6998 0.0187995 0.904618 0.0530048 -0.422496
0000000658.000000 -89.795 11.9444 -85.3597 0.0187995 0.904618 0.0530048 -0.422496
0000000659.000000 -90.5743 12.0344 -86.0113 0.0187995 0.904618 0.0530048 -0.422496
0000000660.000000 -91.3482 12.1231 -86.6584 0.0187995 0.904618 0.0530048 -0.422496
0000000661.000000 -92.1175 12.2113 -87.2943 0.0187995 0.904618 0.0530048 -0.422496
0000000662.000000 -92.8802 12.296 -87.926 0.0187995 0.904618 0.0530048 -0.422496
0000000663.000000 -93.6356 12.3833 -88.5543 0.0187995 0.904618 0.0530048 -0.422496
0000000664.000000 -94.3818 12.4714 -89.1793 0.0187995 0.904618 0.0530048 -0.422496
0000000665.000000 -95.1166 12.559 -89.7971 0.0187995 0.904618 0.0530048 -0.422496
0000000666.000000 -95.8433 12.6456 -90.407 0.0187995 0.904618 0.0530048 -0.422496
0000000667.000000 -96.5628 12.7297 -91.0106 0.0187995 0.904618 0.0530048 -0.422496
0000000668.000000 -97.2713 12.811 -91.6085 0.0187995 0.904618 0.0530048 -0.422496
0000000669.000000 -98.6555 12.9731 -92.775 0.0187995 0.904618 0.0530048 -0.422496
0000000670.000000 -99.3308 13.0578 -93.3387 0.0187995 0.904618 0.0530048 -0.422496
0000000671.000000 -99.9968 13.1385 -93.8945 0.0187995 0.904618 0.0530048 -0.422496
0000000672.000000 -100.648 13.215 -94.4389 0.0187995 0.904618 0.0530048 -0.422496
0000000673.000000 -101.289 13.2881 -94.9687 0.0187995 0.904618 0.0530048 -0.422496
0000000674.000000 -101.914 13.3557 -95.4824 0.0187995 0.904618 0.0530048 -0.422496
0000000675.000000 -102.523 13.4176 -95.981 0.0187995 0.904618 0.0530048 -0.422496
0000000676.000000 -103.125 13.4753 -96.4667 0.0187995 0.904618 0.0530048 -0.422496
0000000677.000000 -103.702 13.5359 -96.9361 0.0187995 0.904618 0.0530048 -0.422496
0000000678.000000 -104.258 13.5916 -97.3955 0.0187995 0.904618 0.0530048 -0.422496
0000000679.000000 -104.797 13.6454 -97.8361 0.0187995 0.904618 0.0530048 -0.422496
0000000680.000000 -105.809 13.7381 -98.6721 0.0170158 0.904356 0.0489959 -0.423614
0000000681.000000 -106.29 13.7847 -99.0704 0.0170158 0.904356 0.0489959 -0.423614
0000000682.000000 -106.757 13.833 -99.4555 0.0170158 0.904356 0.0489959 -0.423614
0000000683.000000 -107.21 13.8791 -99.8282 0.0170158 0.904356 0.0489959 -0.423614
0000000684.000000 -107.644 13.9156 -100.187 0.0170158 0.904356 0.0489959 -0.423614
0000000685.000000 -108.06 13.9492 -100.533 0.0170158 0.904356 0.0489959 -0.423614
0000000686.000000 -108.452 13.9807 -100.86 0.0170158 0.904356 0.0489959 -0.423614
0000000687.000000 -108.825 14.015 -101.178 0.0170158 0.904356 0.0489959 -0.423614
0000000688.000000 -109.179 14.0465 -101.49 0.0170158 0.904356 0.0489959 -0.423614
0000000689.000000 -109.523 14.079 -101.795 0.0171009 0.906877 0.048465 -0.418251
0000000690.000000 -109.851 14.1095 -102.102 0.017062 0.91009 0.0479946 -0.411269
0000000691.000000 -110.161 14.1383 -102.412 0.0165075 0.913868 0.0479031 -0.402837
0000000692.000000 -110.466 14.1682 -102.734 0.0157372 0.918154 0.0487373 -0.392901
0000000693.000000 -110.761 14.1995 -103.067 0.0155286 0.923027 0.0501455 -0.381137
0000000694.000000 -111.038 14.2336 -103.392 0.0173329 0.928457 0.0517189 -0.367413
0000000695.000000 -111.311 14.2642 -103.74 0.0190289 0.934606 0.0521138 -0.351331
0000000696.000000 -111.568 14.293 -104.102 0.0200488 0.94137 0.0520685 -0.33273
0000000697.000000 -111.776 14.3216 -104.453 0.0199638 0.948327 0.0529987 -0.312198
0000000698.000000 -111.985 14.3559 -104.833 0.0198823 0.955077 0.0547571 -0.290577
0000000699.000000 -112.186 14.3924 -105.221 0.0204746 0.961522 0.0568629 -0.267997
0000000700.000000 -112.496 14.4625 -105.985 0.0237203 0.973535 0.0597288 -0.219315
0000000701.000000 -112.633 14.4968 -106.408 0.0226082 0.979102 0.061318 -0.192582
0000000702.000000 -112.702 14.5388 -106.805 0.0211479 0.984115 0.0630682 -0.164597
0000000703.000000 -112.805 14.5899 -107.259 0.0221035 0.988344 0.0651302 -0.135816
0000000704.000000 -112.89 14.6468 -107.725 0.0253433 0.991796 0.0664285 -0.106231
0000000705.000000 -112.904 14.6892 -108.155 0.0296888 0.994453 0.0665589 -0.0758406
0000000706.000000 -112.937 14.7406 -108.644 0.0338641 0.996125 0.0676912 -0.0447963
0000000707.000000 -112.879 14.7887 -109.094 0.0371545 0.996879 0.0683876 -0.0132423
0000000708.000000 -112.854 14.8475 -109.591 0.0419206 0.996709 0.0666255 0.0193594
0000000709.000000 -112.799 14.9041 -110.094 0.0468431 0.995446 0.064192 0.0526439
0000000710.000000 -112.634 14.9367 -110.541 0.048167 0.9932 0.0612707 0.0864855
0000000711.000000 -112.333 15.0181 -111.53 0.0515714 0.985077 0.0550076 0.154721
0000000712.000000 -112.082 15.0488 -111.975 0.0587528 0.978954 0.053189 0.188064
0000000713.000000 -111.849 15.0843 -112.467 0.0605491 0.972059 0.0536854 0.220348
0000000714.000000 -111.56 15.1095 -112.945 0.0569401 0.964939 0.0551903 0.250209
0000000715.000000 -111.19 15.1293 -113.371 0.0512546 0.957887 0.0557952 0.276972
0000000716.000000 -110.835 15.1514 -113.82 0.0462532 0.951238 0.0545506 0.300051
0000000717.000000 -110.446 15.1764 -114.254 0.0437059 0.945059 0.0532641 0.319557
0000000718.000000 -110.052 15.2046 -114.71 0.0414037 0.940081 0.0544796 0.334014
0000000719.000000 -109.645 15.2354 -115.166 0.0397645 0.93627 0.0567603 0.344377
0000000720.000000 -109.226 15.262 -115.621 0.0384113 0.933264 0.0572838 0.352507
0000000721.000000 -108.802 15.2867 -116.072 0.036554 0.931725 0.0544208 0.357199
0000000722.000000 -107.947 15.3481 -116.989 0.0387248 0.930885 0.0422884 0.360783
0000000723.000000 -107.511 15.3766 -117.473 0.0387248 0.930885 0.0422884 0.360783
0000000724.000000 -107.064 15.4027 -117.973 0.0387248 0.930885 0.0422884 0.360783
0000000725.000000 -106.607 15.422 -118.484 0.0387248 0.930885 0.0422884 0.360783
0000000726.000000 -106.143 15.4414 -118.996 0.0387248 0.930885 0.0422884 0.360783
0000000727.000000 -105.669 15.4619 -119.513 0.0387248 0.930885 0.0422884 0.360783
0000000728.000000 -105.185 15.4857 -120.039 0.0387248 0.930885 0.0422884 0.360783
0000000729.000000 -104.695 15.5081 -120.573 0.0387248 0.930885 0.0422884 0.360783
0000000730.000000 -103.687 15.5567 -121.676 0.0360654 0.932653 0.0410759 0.356611
0000000731.000000 -103.175 15.5819 -122.259 0.0360654 0.932653 0.0410759 0.356611
0000000732.000000 -102.646 15.6086 -122.848 0.0360654 0.932653 0.0410759 0.356611
0000000733.000000 -102.111 15.6314 -123.447 0.0360654 0.932653 0.0410759 0.356611
0000000734.000000 -101.564 15.6619 -124.06 0.0360654 0.932653 0.0410759 0.356611
0000000735.000000 -101.015 15.695 -124.686 0.0360654 0.932653 0.0410759 0.356611
0000000736.000000 -100.452 15.7332 -125.328 0.0360654 0.932653 0.0410759 0.356611
0000000737.000000 -99.8729 15.7742 -125.984 0.0360654 0.932653 0.0410759 0.356611
0000000738.000000 -99.288 15.8088 -126.646 0.0360654 0.932653 0.0410759 0.356611
0000000739.000000 -98.1114 15.8797 -127.997 0.0362456 0.933459 0.0448376 0.354021
0000000740.000000 -97.5198 15.9131 -128.675 0.0362456 0.933459 0.0448376 0.354021
0000000741.000000 -96.9223 15.9473 -129.356 0.0362456 0.933459 0.0448376 0.354021
0000000742.000000 -96.3228 15.9847 -130.043 0.0362456 0.933459 0.0448376 0.354021
0000000743.000000 -95.7207 16.0233 -130.734 0.0362456 0.933459 0.0448376 0.354021
0000000744.000000 -95.1108 16.0619 -131.426 0.0362456 0.933459 0.0448376 0.354021
0000000745.000000 -94.5002 16.0976 -132.122 0.0362456 0.933459 0.0448376 0.354021
0000000746.000000 -93.8928 16.1347 -132.812 0.0362456 0.933459 0.0448376 0.354021
0000000747.000000 -93.2848 16.1722 -133.501 0.0362456 0.933459 0.0448376 0.354021
0000000748.000000 -92.0685 16.2438 -134.873 0.0362456 0.933459 0.0448376 0.354021
0000000749.000000 -91.4657 16.2778 -135.563 0.0362456 0.933459 0.0448376 0.354021
0000000750.000000 -90.8664 16.3102 -136.244 0.0362456 0.933459 0.0448376 0.354021
0000000751.000000 -90.2648 16.3457 -136.929 0.0362456 0.933459 0.0448376 0.354021
0000000752.000000 -89.6656 16.3846 -137.614 0.0362456 0.933459 0.0448376 0.354021
0000000753.000000 -89.0634 16.4267 -138.296 0.0362456 0.933459 0.0448376 0.354021
0000000754.000000 -88.4579 16.4612 -138.979 0.0362456 0.933459 0.0448376 0.354021
0000000755.000000 -87.8575 16.4908 -139.656 0.0362456 0.933459 0.0448376 0.354021
0000000756.000000 -87.2543 16.5205 -140.33 0.0362456 0.933459 0.0448376 0.354021
0000000757.000000 -86.6569 16.5538 -141 0.0362456 0.933459 0.0448376 0.354021
0000000758.000000 -86.0623 16.585 -141.672 0.0362456 0.933459 0.0448376 0.354021
0000000759.000000 -85.4752 16.6185 -142.348 0.0362456 0.933459 0.0448376 0.354021
0000000760.000000 -84.8826 16.6536 -143.021 0.0362456 0.933459 0.0448376 0.354021
0000000761.000000 -84.2899 16.6852 -143.696 0.0362456 0.933459 0.0448376 0.354021
0000000762.000000 -83.7043 16.7136 -144.375 0.0362456 0.933459 0.0448376 0.354021
0000000763.000000 -83.1223 16.7419 -145.047 0.0362456 0.933459 0.0448376 0.354021
0000000764.000000 -82.5403 16.7736 -145.717 0.0362456 0.933459 0.0448376 0.354021
0000000765.000000 -81.9545 16.8069 -146.386 0.0362456 0.933459 0.0448376 0.354021
0000000766.000000 -81.373 16.8399 -147.057 0.0362456 0.933459 0.0448376 0.354021
0000000767.000000 -80.7907 16.8734 -147.727 0.0362456 0.933459 0.0448376 0.354021
0000000768.000000 -79.6369 16.9416 -149.064 0.035693 0.935263 0.0460308 0.349129
0000000769.000000 -79.0709 16.9775 -149.732 0.035693 0.935263 0.0460308 0.349129
0000000770.000000 -78.506 17.0107 -150.4 0.035693 0.935263 0.0460308 0.349129
0000000771.000000 -77.9396 17.0438 -151.064 0.035693 0.935263 0.0460308 0.349129
0000000772.000000 -77.3748 17.0759 -151.724 0.035693 0.935263 0.0460308 0.349129
0000000773.000000 -76.8109 17.1065 -152.38 0.035693 0.935263 0.0460308 0.349129
0000000774.000000 -76.2474 17.1408 -153.04 0.035693 0.935263 0.0460308 0.349129
0000000775.000000 -75.6856 17.1762 -153.7 0.035693 0.935263 0.0460308 0.349129
0000000776.000000 -75.1232 17.2108 -154.356 0.035693 0.935263 0.0460308 0.349129
0000000777.000000 -74.5639 17.2466 -155.013 0.035693 0.935263 0.0460308 0.349129
0000000778.000000 -74.0103 17.2792 -155.667 0.035693 0.935263 0.0460308 0.349129
0000000779.000000 -73.4634 17.3086 -156.314 0.035693 0.935263 0.0460308 0.349129
0000000780.000000 -72.4046 17.3648 -157.562 0.035693 0.935263 0.0460308 0.349129
0000000781.000000 -71.8896 17.3911 -158.165 0.035693 0.935263 0.0460308 0.349129
0000000782.000000 -71.3904 17.4179 -158.752 0.035693 0.935263 0.0460308 0.349129
0000000783.000000 -70.9031 17.4414 -159.323 0.035693 0.935263 0.0460308 0.349129
0000000784.000000 -70.4291 17.466 -159.876 0.035693 0.935263 0.0460308 0.349129
0000000785.000000 -69.9701 17.4926 -160.414 0.035693 0.935263 0.0460308 0.349129
0000000786.000000 -69.5223 17.5134 -160.932 0.035693 0.935263 0.0460308 0.349129
0000000787.000000 -69.0931 17.5304 -161.429 0.035693 0.935263 0.0460308 0.349129
0000000788.000000 -68.6775 17.5505 -161.906 0.035693 0.935263 0.0460308 0.349129
0000000789.000000 -68.2745 17.5688 -162.37 0.035693 0.935263 0.0460308 0.349129
0000000790.000000 -67.8817 17.5849 -162.815 0.035693 0.935263 0.0460308 0.349129
0000000791.000000 -67.4863 17.6026 -163.262 0.035693 0.935263 0.0460308 0.349129
0000000792.000000 -67.0916 17.6228 -163.706 0.035693 0.935263 0.0460308 0.349129
0000000793.000000 -66.7005 17.6421 -164.152 0.035693 0.935263 0.0460308 0.349129
0000000794.000000 -66.3101 17.6574 -164.592 0.035693 0.935263 0.0460308 0.349129
0000000795.000000 -65.9218 17.6735 -165.029 0.035693 0.935263 0.0460308 0.349129
0000000796.000000 -65.5371 17.6922 -165.463 0.035693 0.935263 0.0460308 0.349129
0000000797.000000 -65.1552 17.7152 -165.897 0.035693 0.935263 0.0460308 0.349129
0000000798.000000 -64.7749 17.7381 -166.333 0.035693 0.935263 0.0460308 0.349129
0000000799.000000 -64.3942 17.7609 -166.769 0.035693 0.935263 0.0460308 0.349129
0000000800.000000 -64.007 17.7828 -167.207 0.035693 0.935263 0.0460308 0.349129
0000000801.000000 -63.6155 17.8084 -167.649 0.035693 0.935263 0.0460308 0.349129
0000000802.000000 -63.2234 17.834 -168.098 0.035693 0.935263 0.0460308 0.349129
0000000803.000000 -62.8274 17.8608 -168.556 0.035693 0.935263 0.0460308 0.349129
0000000804.000000 -62.4248 17.8866 -169.015 0.035693 0.935263 0.0460308 0.349129
0000000805.000000 -62.0154 17.9121 -169.475 0.035693 0.935263 0.0460308 0.349129
0000000806.000000 -61.6038 17.9419 -169.941 0.035693 0.935263 0.0460308 0.349129
0000000807.000000 -61.1913 17.9741 -170.419 0.035693 0.935263 0.0460308 0.349129
0000000808.000000 -60.3475 18.0412 -171.4 0.035693 0.935263 0.0460308 0.349129
0000000809.000000 -59.9091 18.0793 -171.905 0.035693 0.935263 0.0460308 0.349129
0000000810.000000 -59.4635 18.1159 -172.415 0.035693 0.935263 0.0460308 0.349129
0000000811.000000 -59.0011 18.1582 -172.944 0.0329819 0.935197 0.0514544 0.348813
0000000812.000000 -58.5301 18.2017 -173.481 0.0292928 0.935295 0.0561209 0.34816
0000000813.000000 -58.0572 18.2459 -174.025 0.0292928 0.935295 0.0561209 0.34816
0000000814.000000 -57.5824 18.2823 -174.574 0.0292928 0.935295 0.0561209 0.34816
0000000815.000000 -57.1048 18.3352 -175.126 0.0308919 0.93653 0.0481479 0.34589
0000000816.000000 -56.6131 18.3957 -175.698 0.0317148 0.937431 0.0442334 0.34389
0000000817.000000 -56.1035 18.4591 -176.303 0.0298439 0.93784 0.050135 0.342129
0000000818.000000 -55.5811 18.5113 -176.927 0.0257465 0.938068 0.0591588 0.340391
0000000819.000000 -55.0633 18.5701 -177.557 0.0257465 0.938068 0.0591588 0.340391
0000000820.000000 -54.5474 18.6335 -178.185 0.0285019 0.938874 0.0551778 0.338612
0000000821.000000 -54.0243 18.6922 -178.82 0.0308399 0.93998 0.0469815 0.336571
0000000822.000000 -52.9361 18.7983 -180.145 0.028574 0.941664 0.0419282 0.332709
0000000823.000000 -52.3677 18.8503 -180.837 0.0233373 0.942423 0.046441 0.33036
0000000824.000000 -51.8006 18.9048 -181.542 0.0202514 0.943421 0.0482089 0.327448
0000000825.000000 -51.2423 18.9605 -182.249 0.0205119 0.944813 0.0436632 0.324039
0000000826.000000 -50.6905 19.0145 -182.975 0.0241614 0.946287 0.0373817 0.320249
0000000827.000000 -50.1402 19.0637 -183.72 0.0290291 0.947466 0.0339997 0.316718
0000000828.000000 -49.5771 19.1046 -184.489 0.0302024 0.948414 0.0371805 0.313395
0000000829.000000 -49.0047 19.1517 -185.276 0.0295987 0.949226 0.043542 0.310159
0000000830.000000 -48.4285 19.2062 -186.065 0.0288553 0.949892 0.0493892 0.3073
0000000831.000000 -47.8567 19.2677 -186.854 0.0288553 0.949892 0.0493892 0.3073
0000000832.000000 -47.2826 19.3303 -187.642 0.0288553 0.949892 0.0493892 0.3073
0000000833.000000 -46.7079 19.393 -188.439 0.0288553 0.949892 0.0493892 0.3073
0000000834.000000 -46.128 19.4502 -189.242 0.0288553 0.949892 0.0493892 0.3073
0000000835.000000 -45.5462 19.5082 -190.048 0.0288553 0.949892 0.0493892 0.3073
0000000836.000000 -44.9606 19.5657 -190.85 0.0288553 0.949892 0.0493892 0.3073
0000000837.000000 -43.776 19.684 -192.458 0.0288553 0.949892 0.0493892 0.3073
0000000838.000000 -43.1891 19.7392 -193.265 0.0288553 0.949892 0.0493892 0.3073
0000000839.000000 -42.6141 19.7947 -194.067 0.0288553 0.949892 0.0493892 0.3073
0000000840.000000 -42.0435 19.8581 -194.87 0.0324253 0.949505 0.045956 0.308671
0000000841.000000 -41.4699 19.9197 -195.674 0.0324253 0.949505 0.045956 0.308671
0000000842.000000 -40.8931 19.9828 -196.481 0.0324253 0.949505 0.045956 0.308671
0000000843.000000 -40.3111 20.039 -197.285 0.0324253 0.949505 0.045956 0.308671
0000000844.000000 -39.7351 20.0898 -198.079 0.0324253 0.949505 0.045956 0.308671
0000000845.000000 -39.1597 20.1342 -198.864 0.0324253 0.949505 0.045956 0.308671
0000000846.000000 -38.584 20.1821 -199.642 0.0324253 0.949505 0.045956 0.308671
0000000847.000000 -38.0096 20.2318 -200.423 0.0324253 0.949505 0.045956 0.308671
0000000848.000000 -37.4448 20.2815 -201.209 0.0324253 0.949505 0.045956 0.308671
0000000849.000000 -36.8782 20.3326 -201.995 0.0324253 0.949505 0.045956 0.308671
0000000850.000000 -36.3135 20.3855 -202.785 0.0324253 0.949505 0.045956 0.308671
0000000851.000000 -35.1814 20.4895 -204.353 0.0326804 0.948188 0.0517799 0.311754
0000000852.000000 -34.6138 20.546 -205.124 0.0326804 0.948188 0.0517799 0.311754
0000000853.000000 -34.0473 20.602 -205.886 0.0326804 0.948188 0.0517799 0.311754
0000000854.000000 -33.4828 20.6661 -206.65 0.0326804 0.948188 0.0517799 0.311754
0000000855.000000 -32.9174 20.7274 -207.417 0.0326804 0.948188 0.0517799 0.311754
0000000856.000000 -32.3519 20.7883 -208.189 0.0326804 0.948188 0.0517799 0.311754
0000000857.000000 -31.7881 20.8488 -208.958 0.0326804 0.948188 0.0517799 0.311754
0000000858.000000 -31.2297 20.9113 -209.723 0.0326804 0.948188 0.0517799 0.311754
0000000859.000000 -30.67 20.9654 -210.487 0.0326804 0.948188 0.0517799 0.311754
0000000860.000000 -30.1114 21.0165 -211.243 0.0326804 0.948188 0.0517799 0.311754
0000000861.000000 -29.5546 21.0664 -211.994 0.0326804 0.948188 0.0517799 0.311754
0000000862.000000 -28.9998 21.116 -212.746 0.0326804 0.948188 0.0517799 0.311754
0000000863.000000 -28.4455 21.1674 -213.491 0.0326804 0.948188 0.0517799 0.311754
0000000864.000000 -27.8981 21.2172 -214.235 0.0326804 0.948188 0.0517799 0.311754
0000000865.000000 -27.3565 21.2695 -214.977 0.0326804 0.948188 0.0517799 0.311754
0000000866.000000 -26.2716 21.3819 -216.459 0.0326804 0.948188 0.0517799 0.311754
0000000867.000000 -25.7314 21.4372 -217.199 0.0326804 0.948188 0.0517799 0.311754
0000000868.000000 -25.1995 21.4881 -217.928 0.0326804 0.948188 0.0517799 0.311754
0000000869.000000 -24.6726 21.538 -218.646 0.0326804 0.948188 0.0517799 0.311754
0000000870.000000 -24.1516 21.5897 -219.357 0.0326804 0.948188 0.0517799 0.311754
0000000871.000000 -23.6365 21.6438 -220.054 0.0326804 0.948188 0.0517799 0.311754
0000000872.000000 -23.128 21.6967 -220.739 0.0326804 0.948188 0.0517799 0.311754
0000000873.000000 -22.6219 21.7459 -221.415 0.0326804 0.948188 0.0517799 0.311754
0000000874.000000 -22.1284 21.7871 -222.08 0.0326804 0.948188 0.0517799 0.311754
0000000875.000000 -21.6546 21.8245 -222.725 0.0326804 0.948188 0.0517799 0.311754
0000000876.000000 -21.1963 21.8678 -223.351 0.0326804 0.948188 0.0517799 0.311754
0000000877.000000 -20.7443 21.9152 -223.96 0.0326804 0.948188 0.0517799 0.311754
0000000878.000000 -20.3023 21.9633 -224.563 0.0326804 0.948188 0.0517799 0.311754
0000000879.000000 -19.8713 22.0066 -225.158 0.0339063 0.94768 0.0567344 0.312305
0000000880.000000 -19.4554 22.0454 -225.723 0.0339063 0.94768 0.0567344 0.312305
0000000881.000000 -19.0513 22.079 -226.265 0.0339063 0.94768 0.0567344 0.312305
0000000882.000000 -18.2802 22.1487 -227.289 0.0346812 0.947249 0.0488541 0.314848
0000000883.000000 -17.9025 22.1836 -227.779 0.0346812 0.947249 0.0488541 0.314848
0000000884.000000 -17.5271 22.2129 -228.261 0.0346812 0.947249 0.0488541 0.314848
0000000885.000000 -17.1657 22.241 -228.733 0.0346812 0.947249 0.0488541 0.314848
0000000886.000000 -16.8103 22.2657 -229.196 0.0346812 0.947249 0.0488541 0.314848
0000000887.000000 -16.4674 22.2895 -229.646 0.0346812 0.947249 0.0488541 0.314848
0000000888.000000 -16.1303 22.3179 -230.089 0.0358693 0.945266 0.0485341 0.320671
0000000889.000000 -15.7858 22.3437 -230.514 0.0374789 0.942644 0.0479382 0.328205
0000000890.000000 -15.4365 22.3657 -230.926 0.0386708 0.939219 0.0468852 0.337897
0000000891.000000 -15.0772 22.3856 -231.327 0.0397408 0.934799 0.0461224 0.34992
0000000892.000000 -14.6966 22.404 -231.694 0.0402781 0.929412 0.0451173 0.364055
0000000893.000000 -14.3106 22.4232 -232.063 0.0403311 0.922838 0.0444746 0.380481
0000000894.000000 -13.9162 22.4418 -232.417 0.0412764 0.914937 0.0440276 0.399058
0000000895.000000 -13.4859 22.4507 -232.71 0.0424187 0.905662 0.0432385 0.419651
0000000896.000000 -13.0674 22.4645 -233.021 0.0441156 0.894788 0.0425887 0.44226
0000000897.000000 -12.6376 22.4761 -233.308 0.0449343 0.882583 0.0419742 0.466118
0000000898.000000 -12.1648 22.4811 -233.515 0.0460847 0.869179 0.0412292 0.490617
0000000899.000000 -11.709 22.4885 -233.742 0.0465854 0.854728 0.0401538 0.51542
0000000900.000000 -11.246 22.4891 -233.941 0.0457862 0.839061 0.0390707 0.540698
0000000901.000000 -10.7299 22.4784 -234.04 0.044975 0.821732 0.0376486 0.566848
0000000902.000000 -10.243 22.4709 -234.179 0.0440787 0.802778 0.0365894 0.59352
0000000903.000000 -9.74941 22.4616 -234.288 0.0442174 0.782404 0.034885 0.620219
0000000904.000000 -9.19872 22.4399 -234.282 0.044858 0.760785 0.0334643 0.646587
0000000905.000000 -8.68289 22.4289 -234.319 0.0439552 0.738066 0.0321065 0.672529
0000000906.000000 -8.11528 22.4046 -234.234 0.0426357 0.714618 0.0292898 0.697599
0000000907.000000 -7.5919 22.3882 -234.197 0.0413688 0.690281 0.0269739 0.721854
0000000908.000000 -7.06516 22.3631 -234.123 0.0408389 0.665012 0.0255676 0.745276
0000000909.000000 -6.48927 22.3326 -233.948 0.041377 0.639173 0.0266761 0.767486
0000000910.000000 -5.95536 22.3053 -233.807 0.0417388 0.613929 0.0268189 0.787801
0000000911.000000 -5.42212 22.2784 -233.618 0.0421375 0.590393 0.0258827 0.805599
0000000912.000000 -4.86456 22.2417 -233.353 0.0419934 0.568487 0.0232816 0.82129
0000000913.000000 -4.33226 22.206 -233.1 0.0411313 0.549482 0.020227 0.834248
0000000914.000000 -3.78808 22.1619 -232.801 0.0402585 0.533453 0.0168853 0.844702
0000000915.000000 -3.24453 22.1242 -232.501 0.0385949 0.520802 0.0150685 0.852671
0000000916.000000 -2.69351 22.0852 -232.184 0.0372468 0.51121 0.0148773 0.858519
0000000917.000000 -2.13736 22.0407 -231.857 0.0381522 0.503541 0.0146171 0.863005
0000000918.000000 -1.58283 21.9871 -231.527 0.0405656 0.496698 0.0138169 0.866865
0000000919.000000 -1.02157 21.9362 -231.182 0.044556 0.490202 0.0132388 0.870369
0000000920.000000 -0.460964 21.8908 -230.826 0.0493905 0.483573 0.0127552 0.873817
0000000921.000000 0.104468 21.8356 -230.449 0.0510975 0.476725 0.0110905 0.877496
0000000922.000000 0.675019 21.7739 -230.049 0.0498215 0.47061 0.00947097 0.880883
0000000923.000000 1.25457 21.7116 -229.642 0.0488183 0.465447 0.00896797 0.883683
0000000924.000000 1.84163 21.6479 -229.228 0.049658 0.461111 0.00908262 0.885906
0000000925.000000 2.43455 21.583 -228.797 0.049658 0.461111 0.00908262 0.885906
0000000926.000000 3.0367 21.5183 -228.358 0.049658 0.461111 0.00908262 0.885906
0000000927.000000 3.65042 21.4533 -227.914 0.049658 0.461111 0.00908262 0.885906
0000000928.000000 4.28062 21.3875 -227.465 0.049658 0.461111 0.00908262 0.885906
0000000929.000000 4.92241 21.3211 -227.01 0.049658 0.461111 0.00908262 0.885906
0000000930.000000 5.57547 21.2523 -226.543 0.049658 0.461111 0.00908262 0.885906
0000000931.000000 6.23563 21.1806 -226.065 0.049658 0.461111 0.00908262 0.885906
0000000932.000000 6.90602 21.1078 -225.583 0.049658 0.461111 0.00908262 0.885906
0000000933.000000 7.57882 21.04 -225.097 0.049658 0.461111 0.00908262 0.885906
0000000934.000000 8.26367 20.9671 -224.605 0.049658 0.461111 0.00908262 0.885906
0000000935.000000 8.95767 20.8955 -224.108 0.049658 0.461111 0.00908262 0.885906
0000000936.000000 9.66829 20.8244 -223.605 0.049658 0.461111 0.00908262 0.885906
0000000937.000000 10.3939 20.7516 -223.097 0.049658 0.461111 0.00908262 0.885906
0000000938.000000 11.1284 20.6758 -222.581 0.049658 0.461111 0.00908262 0.885906
0000000939.000000 11.8726 20.592 -222.065 0.049658 0.461111 0.00908262 0.885906
0000000940.000000 12.6203 20.5116 -221.549 0.049658 0.461111 0.00908262 0.885906
0000000941.000000 13.3772 20.4309 -221.025 0.049658 0.461111 0.00908262 0.885906
0000000942.000000 14.1354 20.3469 -220.5 0.049658 0.461111 0.00908262 0.885906
0000000943.000000 14.8999 20.2615 -219.971 0.049658 0.461111 0.00908262 0.885906
0000000944.000000 15.667 20.1787 -219.443 0.049658 0.461111 0.00908262 0.885906
0000000945.000000 16.4357 20.0927 -218.912 0.049658 0.461111 0.00908262 0.885906
0000000946.000000 17.2017 20.0042 -218.378 0.049658 0.461111 0.00908262 0.885906
0000000947.000000 17.9608 19.9128 -217.849 0.049658 0.461111 0.00908262 0.885906
0000000948.000000 18.7176 19.8216 -217.322 0.049658 0.461111 0.00908262 0.885906
0000000949.000000 19.485 19.7363 -216.791 0.049658 0.461111 0.00908262 0.885906
0000000950.000000 20.2452 19.6507 -216.262 0.049658 0.461111 0.00908262 0.885906
0000000951.000000 21.018 19.5594 -215.73 0.049658 0.461111 0.00908262 0.885906
0000000952.000000 21.7857 19.4694 -215.205 0.049658 0.461111 0.00908262 0.885906
0000000953.000000 22.5545 19.3806 -214.675 0.049658 0.461111 0.00908262 0.885906
0000000954.000000 23.3179 19.29 -214.141 0.049658 0.461111 0.00908262 0.885906
0000000955.000000 24.0857 19.1994 -213.603 0.049658 0.461111 0.00908262 0.885906
0000000956.000000 24.8543 19.1132 -213.064 0.049658 0.461111 0.00908262 0.885906
0000000957.000000 25.6265 19.0258 -212.519 0.049658 0.461111 0.00908262 0.885906
0000000958.000000 26.4003 18.9358 -211.973 0.049658 0.461111 0.00908262 0.885906
0000000959.000000 27.1784 18.8468 -211.429 0.049658 0.461111 0.00908262 0.885906
0000000960.000000 27.966 18.7554 -210.891 0.049658 0.461111 0.00908262 0.885906
0000000961.000000 28.7516 18.663 -210.359 0.049658 0.461111 0.00908262 0.885906
0000000962.000000 29.5354 18.5747 -209.818 0.049658 0.461111 0.00908262 0.885906
0000000963.000000 30.3229 18.4907 -209.267 0.049658 0.461111 0.00908262 0.885906
0000000964.000000 31.116 18.4004 -208.722 0.049658 0.461111 0.00908262 0.885906
0000000965.000000 31.904 18.3056 -208.18 0.049658 0.461111 0.00908262 0.885906
0000000966.000000 32.6773 18.2176 -207.629 0.049658 0.461111 0.00908262 0.885906
0000000967.000000 33.4442 18.1274 -207.083 0.0519339 0.460818 0.00480319 0.885961
0000000968.000000 34.2193 18.0341 -206.544 0.0519339 0.460818 0.00480319 0.885961
0000000969.000000 34.9944 17.9413 -206.005 0.0519339 0.460818 0.00480319 0.885961
0000000970.000000 35.7723 17.8491 -205.461 0.0519339 0.460818 0.00480319 0.885961
0000000971.000000 36.5474 17.7534 -204.924 0.0519339 0.460818 0.00480319 0.885961
0000000972.000000 37.321 17.6566 -204.391 0.0519339 0.460818 0.00480319 0.885961
0000000973.000000 38.0895 17.5608 -203.861 0.0519339 0.460818 0.00480319 0.885961
0000000974.000000 38.8639 17.4658 -203.33 0.0519339 0.460818 0.00480319 0.885961
0000000975.000000 39.6342 17.3738 -202.806 0.0519339 0.460818 0.00480319 0.885961
0000000976.000000 40.3995 17.277 -202.279 0.0519339 0.460818 0.00480319 0.885961
0000000977.000000 41.1611 17.1791 -201.758 0.0519339 0.460818 0.00480319 0.885961
0000000978.000000 41.9248 17.092 -201.242 0.0519339 0.460818 0.00480319 0.885961
0000000979.000000 42.6926 17.0053 -200.721 0.0519339 0.460818 0.00480319 0.885961
0000000980.000000 43.4601 16.9102 -200.198 0.0519339 0.460818 0.00480319 0.885961
0000000981.000000 44.2241 16.818 -199.682 0.0519339 0.460818 0.00480319 0.885961
0000000982.000000 44.9787 16.7255 -199.167 0.0519339 0.460818 0.00480319 0.885961
0000000983.000000 45.7339 16.6375 -198.649 0.0519339 0.460818 0.00480319 0.885961
0000000984.000000 46.4975 16.5517 -198.132 0.0519339 0.460818 0.00480319 0.885961
0000000985.000000 47.2581 16.4606 -197.616 0.0519339 0.460818 0.00480319 0.885961
0000000986.000000 48.0143 16.3679 -197.104 0.0519339 0.460818 0.00480319 0.885961
0000000987.000000 48.768 16.2759 -196.577 0.0519339 0.460818 0.00480319 0.885961
0000000988.000000 49.5168 16.1849 -196.048 0.0519339 0.460818 0.00480319 0.885961
0000000989.000000 50.2836 16.0987 -195.516 0.0519339 0.460818 0.00480319 0.885961
0000000990.000000 51.0522 16.0072 -194.987 0.0519339 0.460818 0.00480319 0.885961
0000000991.000000 51.8215 15.9108 -194.454 0.0519339 0.460818 0.00480319 0.885961
0000000992.000000 52.5909 15.8131 -193.929 0.0519339 0.460818 0.00480319 0.885961
0000000993.000000 53.3634 15.7201 -193.409 0.0574597 0.460203 0.00560307 0.885934
0000000994.000000 54.1414 15.624 -192.881 0.0574597 0.460203 0.00560307 0.885934
0000000995.000000 54.924 15.5237 -192.34 0.0574597 0.460203 0.00560307 0.885934
0000000996.000000 55.7102 15.4202 -191.794 0.0574597 0.460203 0.00560307 0.885934
0000000997.000000 56.4976 15.3152 -191.25 0.0574597 0.460203 0.00560307 0.885934
0000000998.000000 57.2879 15.2092 -190.71 0.0574597 0.460203 0.00560307 0.885934
0000000999.000000 58.0763 15.1054 -190.174 0.0574597 0.460203 0.00560307 0.885934
0000001000.000000 58.8713 15.0013 -189.637 0.0574597 0.460203 0.00560307 0.885934
0000001001.000000 59.6717 14.9038 -189.087 0.0574597 0.460203 0.00560307 0.885934
0000001002.000000 60.472 14.8057 -188.532 0.0574597 0.460203 0.00560307 0.885934
0000001003.000000 61.2776 14.7044 -187.97 0.0574597 0.460203 0.00560307 0.885934
0000001004.000000 62.8626 14.4836 -186.856 0.0574597 0.460203 0.00560307 0.885934
0000001005.000000 63.6581 14.3728 -186.301 0.0574597 0.460203 0.00560307 0.885934
0000001006.000000 64.4578 14.2632 -185.741 0.0574597 0.460203 0.00560307 0.885934
0000001007.000000 65.2505 14.1539 -185.18 0.0574597 0.460203 0.00560307 0.885934
0000001008.000000 66.0488 14.0448 -184.613 0.0574597 0.460203 0.00560307 0.885934
0000001009.000000 66.8474 13.9327 -184.05 0.0574597 0.460203 0.00560307 0.885934
0000001010.000000 67.6436 13.8193 -183.491 0.0574597 0.460203 0.00560307 0.885934
0000001011.000000 68.4338 13.7079 -182.936 0.0574597 0.460203 0.00560307 0.885934
0000001012.000000 69.2311 13.6003 -182.38 0.0574597 0.460203 0.00560307 0.885934
0000001013.000000 70.0379 13.4956 -181.809 0.0574597 0.460203 0.00560307 0.885934
0000001014.000000 70.8479 13.3944 -181.242 0.0574597 0.460203 0.00560307 0.885934
0000001015.000000 71.6584 13.2888 -180.663 0.0531582 0.459584 0.00424874 0.886532
0000001016.000000 72.4592 13.1866 -180.097 0.0531582 0.459584 0.00424874 0.886532
0000001017.000000 73.2695 13.0853 -179.533 0.0531582 0.459584 0.00424874 0.886532
0000001018.000000 74.0712 12.9832 -178.978 0.0593258 0.458658 0.00210726 0.886628
0000001019.000000 74.8779 12.8718 -178.419 0.0649452 0.457463 0.000873373 0.886853
0000001020.000000 75.6911 12.7545 -177.855 0.0649452 0.457463 0.000873373 0.886853
0000001021.000000 76.519 12.6321 -177.277 0.0601869 0.456773 0.00398695 0.887536
0000001022.000000 77.3442 12.5202 -176.695 0.0545182 0.456589 0.00607868 0.887985
0000001023.000000 78.1647 12.4154 -176.113 0.0545182 0.456589 0.00607868 0.887985
0000001024.000000 78.9776 12.3072 -175.54 0.0545182 0.456589 0.00607868 0.887985
0000001025.000000 79.7852 12.2 -174.972 0.0545182 0.456589 0.00607868 0.887985
0000001026.000000 80.5956 12.0956 -174.41 0.0545182 0.456589 0.00607868 0.887985
0000001027.000000 81.405 11.9913 -173.847 0.0545182 0.456589 0.00607868 0.887985
0000001028.000000 82.2115 11.8869 -173.286 0.0545182 0.456589 0.00607868 0.887985
0000001029.000000 83.0175 11.7852 -172.727 0.0545182 0.456589 0.00607868 0.887985
0000001030.000000 83.8206 11.6846 -172.165 0.0545182 0.456589 0.00607868 0.887985
0000001031.000000 84.6253 11.5813 -171.604 0.0545182 0.456589 0.00607868 0.887985
0000001032.000000 85.4219 11.4752 -171.046 0.0545182 0.456589 0.00607868 0.887985
0000001033.000000 86.2107 11.3707 -170.491 0.0545182 0.456589 0.00607868 0.887985
0000001034.000000 86.9943 11.269 -169.937 0.0545182 0.456589 0.00607868 0.887985
0000001035.000000 87.776 11.1689 -169.391 0.0545182 0.456589 0.00607868 0.887985
0000001036.000000 88.5566 11.0682 -168.847 0.0545182 0.456589 0.00607868 0.887985
0000001037.000000 89.3295 10.9667 -168.307 0.0545182 0.456589 0.00607868 0.887985
0000001038.000000 90.0978 10.869 -167.778 0.0545182 0.456589 0.00607868 0.887985
0000001039.000000 90.8534 10.7701 -167.258 0.0545182 0.456589 0.00607868 0.887985
0000001040.000000 92.3196 10.5685 -166.241 0.0545182 0.456589 0.00607868 0.887985
0000001041.000000 93.0439 10.4804 -165.748 0.0545182 0.456589 0.00607868 0.887985
0000001042.000000 93.7436 10.3826 -165.243 0.0526411 0.457166 0.000862844 0.887822
0000001043.000000 94.4267 10.2839 -164.746 0.0524571 0.458393 -0.00518805 0.887185
0000001044.000000 95.1112 10.1915 -164.271 0.0524571 0.458393 -0.00518805 0.887185
0000001045.000000 95.7953 10.1037 -163.797 0.0524571 0.458393 -0.00518805 0.887185
0000001046.000000 96.4646 10.0115 -163.322 0.0480179 0.460642 -0.00660553 0.886262
0000001047.000000 97.1236 9.92362 -162.863 0.0480179 0.460642 -0.00660553 0.886262
0000001048.000000 97.7733 9.83884 -162.418 0.0480179 0.460642 -0.00660553 0.886262
0000001049.000000 98.4082 9.75694 -161.988 0.0480179 0.460642 -0.00660553 0.886262
0000001050.000000 99.0292 9.674 -161.565 0.0480179 0.460642 -0.00660553 0.886262
0000001051.000000 99.6321 9.59383 -161.152 0.0480179 0.460642 -0.00660553 0.886262
0000001052.000000 100.217 9.51794 -160.75 0.0480179 0.460642 -0.00660553 0.886262
0000001053.000000 100.785 9.44336 -160.36 0.0480179 0.460642 -0.00660553 0.886262
0000001054.000000 101.338 9.3698 -159.986 0.0480179 0.460642 -0.00660553 0.886262
0000001055.000000 101.875 9.29835 -159.623 0.0480179 0.460642 -0.00660553 0.886262
0000001056.000000 102.391 9.23058 -159.272 0.0480179 0.460642 -0.00660553 0.886262
0000001057.000000 102.888 9.16556 -158.931 0.0480179 0.460642 -0.00660553 0.886262
0000001058.000000 103.371 9.10241 -158.602 0.0480179 0.460642 -0.00660553 0.886262
0000001059.000000 103.833 9.04141 -158.284 0.0480179 0.460642 -0.00660553 0.886262
0000001060.000000 104.275 8.98304 -157.974 0.0480179 0.460642 -0.00660553 0.886262
0000001061.000000 104.696 8.92779 -157.673 0.0480179 0.460642 -0.00660553 0.886262
0000001062.000000 105.47 8.82456 -157.107 0.0479603 0.449915 -0.00683462 0.891757
0000001063.000000 105.83 8.77394 -156.829 0.0492786 0.442201 -0.00614472 0.89554
0000001064.000000 106.175 8.72366 -156.547 0.0504303 0.432595 -0.00678094 0.900151
0000001065.000000 106.504 8.67501 -156.257 0.0506814 0.420928 -0.00799599 0.905642
0000001066.000000 106.824 8.62707 -155.94 0.0503094 0.406792 -0.00934165 0.912087
0000001067.000000 107.121 8.58215 -155.629 0.0497096 0.389509 -0.0100897 0.919625
0000001068.000000 107.406 8.5339 -155.283 0.0487947 0.370083 -0.0109501 0.927652
0000001069.000000 107.66 8.4892 -154.95 0.0473853 0.349134 -0.0129832 0.935784
0000001070.000000 107.886 8.4456 -154.606 0.0456399 0.327059 -0.0166703 0.943754
0000001071.000000 108.095 8.39651 -154.219 0.0444707 0.304335 -0.0213351 0.951287
0000001072.000000 108.282 8.35546 -153.856 0.0437049 0.281381 -0.0248324 0.958279
0000001073.000000 108.468 8.31247 -153.474 0.0438563 0.257346 -0.0265853 0.964957
0000001074.000000 108.651 8.26901 -153.049 0.0436135 0.232704 -0.0276466 0.971176
0000001075.000000 108.795 8.23241 -152.652 0.0423514 0.207474 -0.0288625 0.976897
0000001076.000000 108.911 8.19829 -152.236 0.0398382 0.18145 -0.0303867 0.982123
0000001077.000000 109.021 8.16315 -151.762 0.0369957 0.154223 -0.0307886 0.986863
0000001078.000000 109.104 8.13274 -151.31 0.0343906 0.125922 -0.0300211 0.990989
0000001079.000000 109.159 8.1048 -150.846 0.0333218 0.0969249 -0.0302875 0.994273
0000001080.000000 109.191 8.07466 -150.328 0.0332162 0.0673352 -0.0321222 0.99666
0000001081.000000 109.182 8.04848 -149.829 0.0325572 0.0372227 -0.0342862 0.998188
0000001082.000000 109.136 8.0229 -149.311 0.0325174 0.00738875 -0.036804 0.998766
0000001083.000000 109.08 7.99097 -148.726 0.0337627 -0.021888 -0.0373284 0.998493
0000001084.000000 108.964 7.96657 -148.178 0.0346569 -0.0501563 -0.0374342 0.997438
0000001085.000000 108.837 7.94028 -147.594 0.0334766 -0.0780696 -0.0385015 0.995642
0000001086.000000 108.671 7.9181 -147.031 0.0307347 -0.105611 -0.0405922 0.993103
0000001087.000000 108.464 7.90316 -146.463 0.0285661 -0.132884 -0.0442285 0.989732
0000001088.000000 108.237 7.882 -145.848 0.0273627 -0.159338 -0.0484283 0.985656
0000001089.000000 107.968 7.8657 -145.258 0.0247134 -0.183512 -0.0521053 0.981324
0000001090.000000 107.671 7.85261 -144.662 0.0211014 -0.204369 -0.0537351 0.97719
0000001091.000000 107.365 7.83423 -144.042 0.020089 -0.221967 -0.0543882 0.973329
0000001092.000000 107.031 7.81688 -143.442 0.0220629 -0.236748 -0.0555745 0.969729
0000001093.000000 106.681 7.80331 -142.831 0.0250762 -0.248721 -0.0570819 0.966567
0000001094.000000 106.319 7.79451 -142.229 0.0284312 -0.258319 -0.0579282 0.963902
0000001095.000000 105.957 7.77862 -141.609 0.0281061 -0.265888 -0.0582069 0.961835
0000001096.000000 105.583 7.75817 -140.987 0.0241699 -0.27066 -0.0585106 0.960591
0000001097.000000 98.7312 7.44484 -130.181 0.0222578 -0.291504 -0.0492212 0.955043
0000001098.000000 92.5999 7.23294 -121.305 0.00944147 -0.312938 -0.045979 0.948613
0000001099.000000 85.5695 7.09809 -112.161 0.0230569 -0.318948 -0.0636634 0.945351
0000001100.000000 79.8959 6.76878 -104.409 0.0253113 -0.292197 -0.0613817 0.954051
0000001101.000000 75.946 6.54855 -98.4148 0.0143366 -0.280513 -0.0617546 0.957754
0000001102.000000 71.3647 6.61718 -93.4575 0.00772245 -0.426228 -0.0549678 0.902911
0000001103.000000 64.7023 6.99933 -91.6805 -0.0122368 -0.703312 -0.0482765 0.709135
0000001104.000000 58.6848 7.54383 -93.5586 -0.0023307 -0.817519 -0.0660766 0.572094
0000001105.000000 53.2352 8.12392 -94.9486 -0.013077 -0.725142 -0.0563138 0.686168
0000001106.000000 48.9917 8.4074 -93.0921 0.0116569 -0.442351 -0.0565887 0.894979
0000001107.000000 45.0519 8.42599 -88.5296 0.0208936 -0.316759 -0.0431128 0.947296
0000001108.000000 40.192 8.37065 -81.8606 0.0212281 -0.306373 -0.0459508 0.950565
0000001109.000000 34.3985 8.37394 -73.8492 0.0247184 -0.295917 -0.044203 0.95387
0000001110.000000 28.2065 7.97334 -65.1591 0.0201294 -0.307632 -0.042457 0.950345
0000001111.000000 21.1504 7.55346 -55.5299 0.0151818 -0.312182 -0.0391732 0.949093
0000001112.000000 15.4445 7.38812 -48.0651 0.0161688 -0.318682 -0.0421166 0.946788
0000001113.000000 10.4628 7.4296 -41.7387 0.0202688 -0.312414 -0.047109 0.948561
0000001114.000000 6.86364 7.32505 -36.6277 0.0196227 -0.267416 -0.0476708 0.962201
0000001115.000000 5.4892 7.08863 -33.557 0.0217059 -0.189374 -0.0376516 0.980943
0000001116.000000 5.07818 6.98165 -31.6772 0.0337096 -0.0946679 -0.033145 0.994386
0000001117.000000 5.80746 6.39792 -27.6947 0.0489153 0.180913 -0.0253087 0.981956
0000001118.000000 10.8861 5.51292 -22.5618 0.0548832 0.443027 -0.00330183 0.894821
0000001119.000000 20.627 4.29307 -16.0716 0.0584141 0.46974 0.00599082 0.88085
0000001120.000000 30.9378 2.89901 -8.9115 0.0580094 0.454426 0.00582499 0.888875
0000001121.000000 41.9854 1.29971 -0.818776 0.0548221 0.451975 0.00283037 0.89034
0000001122.000000 53.708 -0.307497 7.58152 0.0564727 0.459821 0.00697738 0.886187
0000001123.000000 66.19 -2.01943 16.3206 0.0564727 0.459821 0.00697738 0.886187
0000001124.000000 78.9467 -3.86417 25.3959 0.0559316 0.455877 0.00682396 0.888258
0000001125.000000 91.5284 -5.52331 34.58 0.0512737 0.451711 0.00920534 0.890642
0000001126.000000 103.078 -7.37208 42.9644 0.0512737 0.451711 0.00920534 0.890642
0000001127.000000 113.791 -8.94421 50.6544 0.0490823 0.457548 0.0136088 0.887725
0000001128.000000 119.477 -9.8734 55.9501 0.0489114 0.314872 0.006759 0.947849
0000001129.000000 120.909 -10.5109 62.1463 0.0246596 -0.0105806 -0.0303042 0.99918
0000001130.000000 118.534 -10.8082 68.0801 0.0270508 -0.254028 -0.0442685 0.965805
0000001131.000000 114.426 -11.0959 75.1671 0.0188619 -0.272016 -0.0310547 0.961607
0000001132.000000 107.879 -11.3696 84.5519 0.0202941 -0.323368 -0.0378296 0.945299
0000001133.000000 102.037 -11.7102 92.9333 0.0233148 -0.269475 -0.0448172 0.961681
0000001134.000000 97.0671 -12.1592 102.012 0.0233661 -0.253834 -0.0387173 0.96619
0000001135.000000 92.24 -12.7143 111.601 0.0295927 -0.190345 -0.0505616 0.979968
0000001136.000000 89.3213 -13.3565 122.667 0.0313272 -0.11434 -0.0322125 0.992425
0000001137.000000 87.3106 -14.098 133.647 0.0393811 -0.0626256 -0.0272203 0.996888
0000001138.000000 85.9967 -15.2351 147.386 0.030531 -0.0267067 -0.0372239 0.998483
0000001139.000000 86.6201 -16.3401 159.563 0.034224 0.0581633 -0.0287561 0.997306
0000001140.000000 87.6379 -17.2465 169.102 0.0330574 0.0367771 -0.0222328 0.998529
0000001141.000000 88.6373 -18.0824 178.555 0.0380337 0.0609824 -0.026305 0.997067
0000001142.000000 89.3936 -18.8462 188.482 0.0369054 0.0285224 -0.0497053 0.997674
0000001143.000000 90.0735 -19.8158 200.201 0.0289885 0.0347976 -0.0509736 0.997673
0000001144.000000 90.796 -20.7221 211.767 0.0301694 0.0241178 -0.0438488 0.998291
0000001145.000000 91.3824 -21.6252 223.092 0.0274225 0.0345281 -0.0529751 0.997622
0000001146.000000 92.1917 -22.6138 234.189 0.0232578 0.046703 -0.0466077 0.99755
0000001147.000000 92.5408 -23.39 242.251 0.0287778 -0.0673515 -0.0253997 0.996991
0000001148.000000 88.8124 -23.7691 249.625 0.0241871 -0.276811 -0.0605365 0.958711
